    3   24   12
 47.880 26.981 69.723
    1    1  0.0150  0.0000  0.0000
 -0.136139502281   0.000000000000   0.000000000000
 -0.000028561497   0.000000000000   0.000000000000
 -0.000145569744   0.000000000000   0.000000000000
  0.002945801750   0.000000000000   0.000000000000
  0.067141457909   0.000000000000   0.000000000000
  0.010418942916   0.000000000000   0.000000000000
 -0.010378684441   0.000000000000   0.000000000000
 -0.001981204259   0.000000000000   0.000000000000
  0.008559688359   0.002104653243   0.006873174881
  0.008559688359   0.002104653243  -0.006873174881
  0.008559688359  -0.002104653243   0.006873174881
  0.008559688359  -0.002104653243  -0.006873174881
  0.008482141552  -0.002089323359  -0.006851607033
  0.008482141552  -0.002089323359   0.006851607033
  0.008482141552   0.002089323359  -0.006851607033
  0.008482141552   0.002089323359   0.006851607033
  0.008559688359   0.002104653243   0.006873174881
  0.008559688359   0.002104653243  -0.006873174881
  0.008559688359  -0.002104653243   0.006873174881
  0.008559688359  -0.002104653243  -0.006873174881
  0.008482141552  -0.002089323359  -0.006851607033
  0.008482141552  -0.002089323359   0.006851607033
  0.008482141552   0.002089323359  -0.006851607033
  0.008482141552   0.002089323359   0.006851607033
    1    2  0.0000  0.0000  0.0150
 -0.000000000000  -0.000000000000  -0.098824191236
 -0.000000000000  -0.000000000000  -0.026451706584
 -0.000000000000  -0.000000000000   0.010707123507
 -0.000000000000  -0.000000000000   0.022008388423
 -0.000000000000  -0.000000000000   0.010707123507
 -0.000000000000  -0.000000000000   0.022008388423
 -0.000000000000  -0.000000000000   0.005231127729
 -0.000000000000  -0.000000000000  -0.017901507216
  0.006516833816   0.006516833816   0.009073758500
 -0.006405776359  -0.006405776359   0.009055054862
  0.006516833816  -0.006516833816   0.009073758500
 -0.006405776359   0.006405776359   0.009055054862
 -0.006516833816   0.006516833816   0.009073758500
  0.006405776359  -0.006405776359   0.009055054862
 -0.006516833816  -0.006516833816   0.009073758500
  0.006405776359   0.006405776359   0.009055054862
  0.006516833816   0.006516833816   0.009073758500
 -0.006405776359  -0.006405776359   0.009055054862
  0.006516833816  -0.006516833816   0.009073758500
 -0.006405776359   0.006405776359   0.009055054862
 -0.006516833816   0.006516833816   0.009073758500
  0.006405776359  -0.006405776359   0.009055054862
 -0.006516833816  -0.006516833816   0.009073758500
  0.006405776359   0.006405776359   0.009055054862
    9    1  0.0150  0.0000  0.0000
  0.009232876645   0.002945382320   0.007404731209
  0.009232876645   0.002945382320  -0.007404731209
  0.009232876645  -0.002945382320   0.007404731209
  0.009232876645  -0.002945382320  -0.007404731209
  0.009610582236  -0.003292634607  -0.007641673867
  0.009610582236  -0.003292634607   0.007641673867
  0.009610582236   0.003292634607  -0.007641673867
  0.009610582236   0.003292634607   0.007641673867
****************   0.000000000000  -0.000000000000
 -0.003142156557   0.000000000000  -0.000000000000
  0.002607339920   0.000000000000  -0.000000000000
 -0.002464951374   0.000000000000  -0.000000000000
  0.026835735514   0.000000000000  -0.000000000000
  0.003872941280   0.000000000000  -0.000000000000
 -0.000525826262   0.000000000000  -0.000000000000
  0.001476405484   0.000000000000  -0.000000000000
****************   0.000000000000  -0.000000000000
 -0.003142156557   0.000000000000  -0.000000000000
  0.002607339920   0.000000000000  -0.000000000000
 -0.002464951374   0.000000000000  -0.000000000000
  0.026835735514   0.000000000000  -0.000000000000
  0.003872941280   0.000000000000  -0.000000000000
 -0.000525826262   0.000000000000  -0.000000000000
  0.001476405484   0.000000000000  -0.000000000000
    9    2  0.0000  0.0000  0.0150
  0.008273922692   0.008273922692   0.010699592675
 -0.008394951802  -0.008394951802   0.010709213307
  0.008273922692  -0.008273922692   0.010699592675
 -0.008394951802   0.008394951802   0.010709213307
 -0.008273922692   0.008273922692   0.010699592675
  0.008394951802  -0.008394951802   0.010709213307
 -0.008273922692  -0.008273922692   0.010699592675
  0.008394951802   0.008394951802   0.010709213307
 -0.000000000000   0.000000000000 ****************
 -0.000000000000   0.000000000000   0.003891386842
 -0.000000000000   0.000000000000   0.010034870568
 -0.000000000000   0.000000000000   0.005110303842
 -0.000000000000   0.000000000000   0.010034870568
 -0.000000000000   0.000000000000   0.005110303842
 -0.000000000000   0.000000000000   0.001780697580
 -0.000000000000   0.000000000000   0.008220444243
 -0.000000000000   0.000000000000 ****************
 -0.000000000000   0.000000000000   0.003891386842
 -0.000000000000   0.000000000000   0.010034870568
 -0.000000000000   0.000000000000   0.005110303842
 -0.000000000000   0.000000000000   0.010034870568
 -0.000000000000   0.000000000000   0.005110303842
 -0.000000000000   0.000000000000   0.001780697580
 -0.000000000000   0.000000000000   0.008220444243
   17    1  0.0150  0.0000  0.0000
 -0.000707625029  -0.000958103473  -0.001002700416
 -0.000707625029  -0.000958103473   0.001002700416
 -0.000707625029   0.000958103473  -0.001002700416
 -0.000707625029   0.000958103473   0.001002700416
 -0.001109222410   0.001050507041   0.001136186691
 -0.001109222410   0.001050507041  -0.001136186691
 -0.001109222410  -0.001050507041   0.001136186691
 -0.001109222410  -0.001050507041  -0.001136186691
****************  -0.000000000000   0.000000000000
 -0.000205020486  -0.000000000000   0.000000000000
  0.000358067276  -0.000000000000   0.000000000000
  0.000712217973  -0.000000000000   0.000000000000
 -0.005155702898  -0.000000000000   0.000000000000
  0.000169708179  -0.000000000000   0.000000000000
  0.000660808957  -0.000000000000   0.000000000000
 -0.000318799159  -0.000000000000   0.000000000000
****************  -0.000000000000   0.000000000000
 -0.000205020486  -0.000000000000   0.000000000000
  0.000358067276  -0.000000000000   0.000000000000
  0.000712217973  -0.000000000000   0.000000000000
 -0.005155702898  -0.000000000000   0.000000000000
  0.000169708179  -0.000000000000   0.000000000000
  0.000660808957  -0.000000000000   0.000000000000
 -0.000318799159  -0.000000000000   0.000000000000
   17    2  0.0000  0.0000  0.0150
 -0.001356795426  -0.001356795426  -0.002039577897
  0.001500481385   0.001500481385  -0.001337941631
 -0.001356795426   0.001356795426  -0.002039577897
  0.001500481385  -0.001500481385  -0.001337941631
  0.001356795426  -0.001356795426  -0.002039577897
 -0.001500481385   0.001500481385  -0.001337941631
  0.001356795426   0.001356795426  -0.002039577897
 -0.001500481385  -0.001500481385  -0.001337941631
  0.000000000000   0.000000000000 ****************
  0.000000000000   0.000000000000   0.000884407629
  0.000000000000   0.000000000000   0.000229279850
  0.000000000000   0.000000000000   0.000279430914
  0.000000000000   0.000000000000   0.000229279850
  0.000000000000   0.000000000000   0.000279430914
  0.000000000000   0.000000000000   0.000168120013
  0.000000000000   0.000000000000   0.000461092161
  0.000000000000   0.000000000000 ****************
  0.000000000000   0.000000000000   0.000884407629
  0.000000000000   0.000000000000   0.000229279850
  0.000000000000   0.000000000000   0.000279430914
  0.000000000000   0.000000000000   0.000229279850
  0.000000000000   0.000000000000   0.000279430914
  0.000000000000   0.000000000000   0.000168120013
  0.000000000000   0.000000000000   0.000461092161
