      #Energy        TDOS
     -60.25989       0.00000
     -60.18189       0.00000
     -60.10489       0.00000
     -60.02689       0.00000
     -59.94989       0.00000
     -59.87189       0.00000
     -59.79489       0.00000
     -59.71689       0.00000
     -59.63989       0.00000
     -59.56189       0.00000
     -59.48489       0.00000
     -59.40689       0.00000
     -59.32989       0.00000
     -59.25189       0.00000
     -59.17489       0.00000
     -59.09689       0.00000
     -59.01989       0.00000
     -58.94189       0.00000
     -58.86489       0.00000
     -58.78689       0.00000
     -58.70989       0.00000
     -58.63189       0.00000
     -58.55489       0.00000
     -58.47689       0.00000
     -58.39989       0.00000
     -58.32189       0.00000
     -58.24489       0.00000
     -58.16689       0.00000
     -58.08989       0.00000
     -58.01289       0.00000
     -57.93489       0.00000
     -57.85789       0.00000
     -57.77989       0.00000
     -57.70289       0.00000
     -57.62489       0.00000
     -57.54789      -0.00000
     -57.46989      -0.00000
     -57.39289      -0.00000
     -57.31489      -0.00000
     -57.23789      -0.00000
     -57.15989      -0.00000
     -57.08289      -0.00001
     -57.00489      -0.00056
     -56.92789      -0.01552
     -56.84989      -0.10114
     -56.77289       0.08954
     -56.69489       1.93675
     -56.61789       5.80588
     -56.53989       9.29340
     -56.46289      11.41102
     -56.38489      13.10714
     -56.30789      13.98882
     -56.22989      14.04984
     -56.15289      14.00578
     -56.07489      14.00001
     -55.99789      13.99984
     -55.91989      13.99984
     -55.84289      13.99984
     -55.76489      13.99984
     -55.68789      13.99984
     -55.61089      13.99984
     -55.53289      13.99984
     -55.45589      13.99984
     -55.37789      13.99984
     -55.30089      13.99984
     -55.22289      13.99984
     -55.14589      13.99984
     -55.06789      13.99984
     -54.99089      13.99984
     -54.91289      13.99984
     -54.83589      13.99984
     -54.75789      13.99984
     -54.68089      13.99984
     -54.60289      13.99984
     -54.52589      13.99984
     -54.44789      13.99984
     -54.37089      13.99984
     -54.29289      13.99984
     -54.21589      13.99984
     -54.13789      13.99984
     -54.06089      13.99984
     -53.98289      13.99984
     -53.90589      13.99984
     -53.82789      13.99984
     -53.75089      13.99984
     -53.67289      13.99984
     -53.59589      13.99984
     -53.51789      13.99984
     -53.44089      13.99984
     -53.36389      13.99984
     -53.28589      13.99984
     -53.20889      13.99984
     -53.13089      13.99984
     -53.05389      13.99984
     -52.97589      13.99984
     -52.89889      13.99984
     -52.82089      13.99984
     -52.74389      13.99984
     -52.66589      13.99984
     -52.58889      13.99984
     -52.51089      13.99984
     -52.43389      13.99984
     -52.35589      13.99984
     -52.27889      13.99984
     -52.20089      13.99984
     -52.12389      13.99984
     -52.04589      13.99984
     -51.96889      13.99984
     -51.89089      13.99984
     -51.81389      13.99984
     -51.73589      13.99984
     -51.65889      13.99984
     -51.58089      13.99984
     -51.50389      13.99984
     -51.42589      13.99984
     -51.34889      13.99984
     -51.27089      13.99984
     -51.19389      13.99984
     -51.11589      13.99984
     -51.03889      13.99984
     -50.96189      13.99984
     -50.88389      13.99984
     -50.80689      13.99984
     -50.72889      13.99984
     -50.65189      13.99984
     -50.57389      13.99984
     -50.49689      13.99984
     -50.41889      13.99984
     -50.34189      13.99984
     -50.26389      13.99984
     -50.18689      13.99984
     -50.10889      13.99984
     -50.03189      13.99984
     -49.95389      13.99984
     -49.87689      13.99984
     -49.79889      13.99984
     -49.72189      13.99984
     -49.64389      13.99984
     -49.56689      13.99984
     -49.48889      13.99984
     -49.41189      13.99984
     -49.33389      13.99984
     -49.25689      13.99984
     -49.17889      13.99984
     -49.10189      13.99984
     -49.02389      13.99984
     -48.94689      13.99984
     -48.86889      13.99984
     -48.79189      13.99984
     -48.71489      13.99984
     -48.63689      13.99984
     -48.55989      13.99984
     -48.48189      13.99984
     -48.40489      13.99984
     -48.32689      13.99984
     -48.24989      13.99984
     -48.17189      13.99984
     -48.09489      13.99984
     -48.01689      13.99984
     -47.93989      13.99984
     -47.86189      13.99984
     -47.78489      13.99984
     -47.70689      13.99984
     -47.62989      13.99984
     -47.55189      13.99984
     -47.47489      13.99984
     -47.39689      13.99984
     -47.31989      13.99984
     -47.24189      13.99984
     -47.16489      13.99984
     -47.08689      13.99984
     -47.00989      13.99984
     -46.93189      13.99984
     -46.85489      13.99984
     -46.77689      13.99984
     -46.69989      13.99984
     -46.62189      13.99984
     -46.54489      13.99984
     -46.46689      13.99984
     -46.38989      13.99984
     -46.31289      13.99984
     -46.23489      13.99984
     -46.15789      13.99984
     -46.07989      13.99984
     -46.00289      13.99984
     -45.92489      13.99984
     -45.84789      13.99984
     -45.76989      13.99984
     -45.69289      13.99984
     -45.61489      13.99984
     -45.53789      13.99984
     -45.45989      13.99984
     -45.38289      13.99984
     -45.30489      13.99984
     -45.22789      13.99984
     -45.14989      13.99984
     -45.07289      13.99984
     -44.99489      13.99984
     -44.91789      13.99984
     -44.83989      13.99984
     -44.76289      13.99984
     -44.68489      13.99984
     -44.60789      13.99984
     -44.52989      13.99984
     -44.45289      13.99984
     -44.37489      13.99984
     -44.29789      13.99984
     -44.21989      13.99984
     -44.14289      13.99984
     -44.06589      13.99984
     -43.98789      13.99984
     -43.91089      13.99984
     -43.83289      13.99984
     -43.75589      13.99984
     -43.67789      13.99984
     -43.60089      13.99984
     -43.52289      13.99984
     -43.44589      13.99984
     -43.36789      13.99984
     -43.29089      13.99984
     -43.21289      13.99984
     -43.13589      13.99984
     -43.05789      13.99984
     -42.98089      13.99984
     -42.90289      13.99984
     -42.82589      13.99984
     -42.74789      13.99984
     -42.67089      13.99984
     -42.59289      13.99984
     -42.51589      13.99984
     -42.43789      13.99984
     -42.36089      13.99984
     -42.28289      13.99984
     -42.20589      13.99984
     -42.12789      13.99984
     -42.05089      13.99984
     -41.97289      13.99984
     -41.89589      13.99984
     -41.81789      13.99984
     -41.74089      13.99984
     -41.66389      13.99984
     -41.58589      13.99984
     -41.50889      13.99984
     -41.43089      13.99984
     -41.35389      13.99984
     -41.27589      13.99984
     -41.19889      13.99984
     -41.12089      13.99984
     -41.04389      13.99984
     -40.96589      13.99984
     -40.88889      13.99984
     -40.81089      13.99984
     -40.73389      13.99984
     -40.65589      13.99984
     -40.57889      13.99984
     -40.50089      13.99984
     -40.42389      13.99984
     -40.34589      13.99984
     -40.26889      13.99984
     -40.19089      13.99984
     -40.11389      13.99984
     -40.03589      13.99984
     -39.95889      13.99984
     -39.88089      13.99984
     -39.80389      13.99984
     -39.72589      13.99984
     -39.64889      13.99984
     -39.57089      13.99984
     -39.49389      13.99984
     -39.41589      13.99984
     -39.33889      13.99984
     -39.26189      13.99984
     -39.18389      13.99984
     -39.10689      13.99984
     -39.02889      13.99984
     -38.95189      13.99984
     -38.87389      13.99984
     -38.79689      13.99984
     -38.71889      13.99984
     -38.64189      13.99984
     -38.56389      13.99984
     -38.48689      13.99984
     -38.40889      13.99984
     -38.33189      13.99984
     -38.25389      13.99984
     -38.17689      13.99984
     -38.09889      13.99984
     -38.02189      13.99984
     -37.94389      13.99984
     -37.86689      13.99984
     -37.78889      13.99984
     -37.71189      13.99984
     -37.63389      13.99984
     -37.55689      13.99984
     -37.47889      13.99984
     -37.40189      13.99984
     -37.32389      13.99984
     -37.24689      13.99984
     -37.16889      13.99984
     -37.09189      13.99984
     -37.01489      13.99984
     -36.93689      13.99984
     -36.85989      13.99984
     -36.78189      13.99984
     -36.70489      13.99984
     -36.62689      13.99984
     -36.54989      13.99984
     -36.47189      13.99984
     -36.39489      13.99984
     -36.31689      13.99984
     -36.23989      13.99984
     -36.16189      13.99984
     -36.08489      13.99984
     -36.00689      13.99984
     -35.92989      13.99984
     -35.85189      13.99984
     -35.77489      13.99984
     -35.69689      13.99984
     -35.61989      13.99984
     -35.54189      13.99984
     -35.46489      13.99984
     -35.38689      13.99984
     -35.30989      13.99984
     -35.23189      13.99984
     -35.15489      13.99984
     -35.07689      13.99984
     -34.99989      13.99984
     -34.92189      13.99984
     -34.84489      13.99984
     -34.76689      13.99984
     -34.68989      13.99984
     -34.61289      13.99984
     -34.53489      13.99984
     -34.45789      13.99984
     -34.37989      13.99984
     -34.30289      13.99984
     -34.22489      13.99984
     -34.14789      13.99984
     -34.06989      13.99984
     -33.99289      13.99984
     -33.91489      13.99984
     -33.83789      13.99984
     -33.75989      13.99984
     -33.68289      13.99984
     -33.60489      13.99984
     -33.52789      13.99984
     -33.44989      13.99981
     -33.37289      13.99831
     -33.29489      13.96720
     -33.21789      13.78835
     -33.13989      14.10285
     -33.06289      18.29664
     -32.98489      27.29168
     -32.90789      35.46656
     -32.82989      40.63161
     -32.75289      44.45619
     -32.67489      47.38428
     -32.59789      50.46541
     -32.51989      53.56900
     -32.44289      55.50260
     -32.36589      56.05909
     -32.28789      56.03485
     -32.21089      56.00374
     -32.13289      56.00083
     -32.05589      56.00076
     -31.97789      56.00076
     -31.90089      56.00076
     -31.82289      56.00076
     -31.74589      56.00076
     -31.66789      56.00076
     -31.59089      56.00076
     -31.51289      56.00076
     -31.43589      56.00076
     -31.35789      56.00076
     -31.28089      56.00076
     -31.20289      56.00076
     -31.12589      56.00076
     -31.04789      56.00076
     -30.97089      56.00076
     -30.89289      56.00076
     -30.81589      56.00076
     -30.73789      56.00076
     -30.66089      56.00076
     -30.58289      56.00076
     -30.50589      56.00076
     -30.42789      56.00076
     -30.35089      56.00076
     -30.27289      56.00076
     -30.19589      56.00076
     -30.11789      56.00076
     -30.04089      56.00076
     -29.96389      56.00076
     -29.88589      56.00076
     -29.80889      56.00076
     -29.73089      56.00076
     -29.65389      56.00076
     -29.57589      56.00076
     -29.49889      56.00076
     -29.42089      56.00076
     -29.34389      56.00076
     -29.26589      56.00076
     -29.18889      56.00076
     -29.11089      56.00076
     -29.03389      56.00076
     -28.95589      56.00076
     -28.87889      56.00076
     -28.80089      56.00076
     -28.72389      56.00076
     -28.64589      56.00076
     -28.56889      56.00076
     -28.49089      56.00076
     -28.41389      56.00076
     -28.33589      56.00076
     -28.25889      56.00076
     -28.18089      56.00076
     -28.10389      56.00076
     -28.02589      56.00076
     -27.94889      56.00076
     -27.87089      56.00076
     -27.79389      56.00076
     -27.71689      56.00076
     -27.63889      56.00076
     -27.56189      56.00076
     -27.48389      56.00076
     -27.40689      56.00076
     -27.32889      56.00076
     -27.25189      56.00076
     -27.17389      56.00076
     -27.09689      56.00076
     -27.01889      56.00076
     -26.94189      56.00076
     -26.86389      56.00076
     -26.78689      56.00076
     -26.70889      56.00076
     -26.63189      56.00076
     -26.55389      56.00076
     -26.47689      56.00076
     -26.39889      56.00076
     -26.32189      56.00076
     -26.24389      56.00076
     -26.16689      56.00076
     -26.08889      56.00076
     -26.01189      56.00076
     -25.93389      56.00076
     -25.85689      56.00076
     -25.77889      56.00076
     -25.70189      56.00076
     -25.62389      56.00076
     -25.54689      56.00076
     -25.46889      56.00076
     -25.39189      56.00076
     -25.31489      56.00076
     -25.23689      56.00076
     -25.15989      56.00076
     -25.08189      56.00076
     -25.00489      56.00076
     -24.92689      56.00076
     -24.84989      56.00076
     -24.77189      56.00076
     -24.69489      56.00076
     -24.61689      56.00076
     -24.53989      56.00076
     -24.46189      56.00076
     -24.38489      56.00076
     -24.30689      56.00076
     -24.22989      56.00076
     -24.15189      56.00076
     -24.07489      56.00076
     -23.99689      56.00076
     -23.91989      56.00076
     -23.84189      56.00076
     -23.76489      56.00076
     -23.68689      56.00076
     -23.60989      56.00076
     -23.53189      56.00076
     -23.45489      56.00076
     -23.37689      56.00076
     -23.29989      56.00076
     -23.22189      56.00076
     -23.14489      56.00076
     -23.06789      56.00076
     -22.98989      56.00076
     -22.91289      56.00076
     -22.83489      56.00076
     -22.75789      56.00076
     -22.67989      56.00076
     -22.60289      56.00076
     -22.52489      56.00076
     -22.44789      56.00076
     -22.36989      56.00076
     -22.29289      56.00076
     -22.21489      56.00076
     -22.13789      56.00076
     -22.05989      56.00076
     -21.98289      56.00076
     -21.90489      56.00076
     -21.82789      56.00076
     -21.74989      56.00076
     -21.67289      56.00076
     -21.59489      56.00076
     -21.51789      56.00076
     -21.43989      56.00076
     -21.36289      56.00076
     -21.28489      56.00076
     -21.20789      56.00076
     -21.12989      56.00076
     -21.05289      56.00076
     -20.97489      56.00076
     -20.89789      56.00076
     -20.81989      56.00076
     -20.74289      56.00076
     -20.66589      56.00076
     -20.58789      56.00076
     -20.51089      56.00076
     -20.43289      56.00076
     -20.35589      56.00076
     -20.27789      56.00076
     -20.20089      56.00076
     -20.12289      56.00076
     -20.04589      56.00076
     -19.96789      56.00076
     -19.89089      56.00076
     -19.81289      56.00076
     -19.73589      56.00076
     -19.65789      56.00076
     -19.58089      56.00076
     -19.50289      56.00076
     -19.42589      56.00076
     -19.34789      56.00076
     -19.27089      56.00076
     -19.19289      56.00076
     -19.11589      56.00076
     -19.03789      56.00076
     -18.96089      56.00076
     -18.88289      56.00076
     -18.80589      56.00076
     -18.72789      56.00076
     -18.65089      56.00076
     -18.57289      56.00076
     -18.49589      56.00076
     -18.41889      56.00076
     -18.34089      56.00076
     -18.26389      56.00076
     -18.18589      56.00076
     -18.10889      56.00076
     -18.03089      56.00076
     -17.95389      56.00076
     -17.87589      56.00076
     -17.79889      56.00076
     -17.72089      56.00076
     -17.64389      56.00076
     -17.56589      56.00076
     -17.48889      56.00076
     -17.41089      56.00076
     -17.33389      56.00076
     -17.25589      56.00076
     -17.17889      56.00076
     -17.10089      56.00076
     -17.02389      56.00076
     -16.94589      56.00076
     -16.86889      56.00076
     -16.79089      56.00076
     -16.71389      56.00076
     -16.63589      56.00076
     -16.55889      56.00076
     -16.48089      56.00076
     -16.40389      56.00076
     -16.32589      56.00076
     -16.24889      56.00076
     -16.17089      56.00076
     -16.09389      56.00076
     -16.01689      56.00076
     -15.93889      56.00076
     -15.86189      56.00076
     -15.78389      56.00076
     -15.70689      56.00076
     -15.62889      56.00076
     -15.55189      56.00076
     -15.47389      56.00076
     -15.39689      56.00076
     -15.31889      56.00076
     -15.24189      56.00076
     -15.16389      56.00074
     -15.08689      55.99884
     -15.00889      55.95608
     -14.93189      55.79829
     -14.85389      56.67238
     -14.77689      60.53957
     -14.69889      64.82401
     -14.62189      66.18110
     -14.54389      66.06944
     -14.46689      66.00474
     -14.38889      66.00044
     -14.31189      66.00036
     -14.23389      66.00036
     -14.15689      66.00036
     -14.07889      66.00036
     -14.00189      66.00036
     -13.92389      66.00036
     -13.84689      66.00036
     -13.76989      66.00036
     -13.69189      66.00036
     -13.61489      66.00036
     -13.53689      66.00036
     -13.45989      66.00036
     -13.38189      66.00036
     -13.30489      66.00036
     -13.22689      66.00036
     -13.14989      66.00036
     -13.07189      66.00036
     -12.99489      66.00036
     -12.91689      66.00036
     -12.83989      66.00036
     -12.76189      66.00036
     -12.68489      66.00036
     -12.60689      66.00036
     -12.52989      66.00036
     -12.45189      66.00036
     -12.37489      66.00036
     -12.29689      66.00036
     -12.21989      66.00036
     -12.14189      66.00036
     -12.06489      66.00036
     -11.98689      66.00036
     -11.90989      66.00036
     -11.83189      66.00036
     -11.75489      66.00036
     -11.67689      66.00036
     -11.59989      66.00036
     -11.52189      66.00036
     -11.44489      66.00036
     -11.36789      66.00036
     -11.28989      66.00036
     -11.21289      66.00036
     -11.13489      66.00036
     -11.05789      66.00036
     -10.97989      66.00036
     -10.90289      66.00036
     -10.82489      66.00036
     -10.74789      66.00036
     -10.66989      66.00036
     -10.59289      66.00036
     -10.51489      66.00036
     -10.43789      66.00036
     -10.35989      66.00036
     -10.28289      66.00036
     -10.20489      66.00036
     -10.12789      66.00036
     -10.04989      66.00036
      -9.97289      66.00036
      -9.89489      66.00036
      -9.81789      66.00026
      -9.73989      65.99993
      -9.66289      66.00072
      -9.58489      66.00752
      -9.50789      66.03320
      -9.42989      66.09045
      -9.35289      66.18323
      -9.27489      66.29085
      -9.19789      66.38782
      -9.12089      66.47317
      -9.04289      66.58211
      -8.96589      66.73956
      -8.88789      66.91696
      -8.81089      67.06073
      -8.73289      67.17342
      -8.65589      67.31642
      -8.57789      67.50625
      -8.50089      67.68110
      -8.42289      67.79523
      -8.34589      67.89452
      -8.26789      68.00498
      -8.19089      68.11206
      -8.11289      68.23495
      -8.03589      68.38488
      -7.95789      68.51156
      -7.88089      68.59671
      -7.80289      68.71952
      -7.72589      68.93148
      -7.64789      69.16304
      -7.57089      69.30409
      -7.49289      69.38966
      -7.41589      69.56942
      -7.33789      69.87246
      -7.26089      70.19080
      -7.18289      70.45598
      -7.10589      70.68785
      -7.02789      70.90113
      -6.95089      71.16515
      -6.87289      71.50596
      -6.79589      71.75627
      -6.71889      71.85674
      -6.64089      71.98541
      -6.56389      72.29104
      -6.48589      72.63979
      -6.40889      72.86813
      -6.33089      73.12995
      -6.25389      73.46290
      -6.17589      73.67059
      -6.09889      73.81494
      -6.02089      74.03310
      -5.94389      74.24405
      -5.86589      74.49130
      -5.78889      74.85330
      -5.71089      75.16257
      -5.63389      75.41230
      -5.55589      75.70066
      -5.47889      76.02016
      -5.40089      76.36868
      -5.32389      76.69000
      -5.24589      76.99575
      -5.16889      77.32382
      -5.09089      77.60814
      -5.01389      77.82761
      -4.93589      78.10008
      -4.85889      78.49153
      -4.78089      78.85748
      -4.70389      79.12747
      -4.62589      79.44849
      -4.54889      79.91180
      -4.47089      80.40645
      -4.39389      80.81185
      -4.31689      81.21418
      -4.23889      81.58873
      -4.16189      81.81646
      -4.08389      81.98037
      -4.00689      82.17366
      -3.92889      82.42296
      -3.85189      82.72166
      -3.77389      83.09249
      -3.69689      83.52868
      -3.61889      83.91870
      -3.54189      84.25331
      -3.46389      84.64135
      -3.38689      85.10334
      -3.30889      85.54852
      -3.23189      85.96658
      -3.15389      86.43237
      -3.07689      86.96352
      -2.99889      87.50846
      -2.92189      88.07982
      -2.84389      88.61299
      -2.76689      88.94768
      -2.68889      89.27055
      -2.61189      89.85408
      -2.53389      90.53151
      -2.45689      91.17269
      -2.37889      91.92850
      -2.30189      92.76920
      -2.22389      93.59478
      -2.14689      94.39286
      -2.06989      95.13519
      -1.99189      95.79217
      -1.91489      96.50103
      -1.83689      97.35373
      -1.75989      98.24402
      -1.68189      99.30399
      -1.60489     100.55031
      -1.52689     101.60060
      -1.44989     102.39534
      -1.37189     103.23968
      -1.29489     104.21403
      -1.21689     105.15274
      -1.13989     106.01475
      -1.06189     106.81778
      -0.98489     107.48708
      -0.90689     108.11253
      -0.82989     108.84304
      -0.75189     109.68839
      -0.67489     110.59301
      -0.59689     111.58402
      -0.51989     112.79353
      -0.44189     114.20683
      -0.36489     115.66042
      -0.28689     117.02567
      -0.20989     118.21814
      -0.13189     119.17119
      -0.05489     119.95675
       0.02311     120.81438
       0.10011     121.80617
       0.17811     122.82933
       0.25511     123.71361
       0.33211     124.39694
       0.41011     125.06833
       0.48711     125.79637
       0.56511     126.66282
       0.64211     127.77587
       0.72011     128.88156
       0.79711     129.76061
       0.87511     130.50952
       0.95211     131.29563
       1.03011     132.19366
       1.10711     133.12618
       1.18511     134.22528
       1.26211     135.55567
       1.34011     136.78804
       1.41711     137.85847
       1.49511     138.90915
       1.57211     140.02026
       1.65011     141.26542
       1.72711     142.82981
       1.80511     144.70994
       1.88211     146.56295
       1.96011     148.39117
       2.03711     150.28797
       2.11511     151.97594
       2.19211     153.39970
       2.27011     154.87072
       2.34711     156.38087
       2.42511     157.74613
       2.50211     158.94712
       2.57911     160.03111
       2.65711     160.88308
       2.73411     161.61883
       2.81211     162.49942
       2.88911     163.28317
       2.96711     163.88126
       3.04411     164.59016
       3.12211     165.46146
       3.19911     166.35252
       3.27711     167.28619
       3.35411     168.09806
       3.43211     168.71708
       3.50911     169.46836
       3.58711     170.34973
       3.66411     171.16912
       3.74211     172.00671
       3.81911     173.00353
       3.89711     174.02244
       3.97411     174.86128
       4.05211     175.59772
       4.12911     176.25667
       4.20711     176.95875
       4.28411     177.84322
       4.36211     178.63131
       4.43911     179.28457
       4.51711     179.97967
       4.59411     180.59175
       4.67211     181.02213
       4.74911     181.45976
       4.82711     182.06080
       4.90411     182.75540
       4.98111     183.52593
       5.05911     184.36818
       5.13611     185.05693
       5.21411     185.46693
       5.29111     185.88941
       5.36911     186.61116
       5.44611     187.50997
       5.52411     188.40258
       5.60111     189.20558
       5.67911     189.98572
       5.75611     190.86942
       5.83411     191.58839
       5.91111     192.11833
       5.98911     192.80875
       6.06611     193.66998
       6.14411     194.49432
       6.22111     195.11403
       6.29911     195.61965
       6.37611     196.22933
       6.45411     196.95078
       6.53111     197.75691
       6.60911     198.61892
       6.68611     199.47937
       6.76411     200.19535
       6.84111     200.76769
       6.91911     201.43571
       6.99611     202.11795
       7.07411     202.72724
       7.15111     203.43149
       7.22811     204.15599
       7.30611     204.75231
       7.38311     205.35214
       7.46111     206.07282
       7.53811     206.77985
       7.61611     207.33440
       7.69311     207.73782
       7.77111     208.19385
       7.84811     208.87423
       7.92611     209.60052
       8.00311     210.37136
       8.08111     211.23530
       8.15811     212.03745
       8.23611     212.76362
       8.31311     213.49371
       8.39111     214.27459
       8.46811     214.98213
       8.54611     215.55519
       8.62311     216.20028
       8.70111     217.04803
       8.77811     217.90809
       8.85611     218.58289
       8.93311     219.15592
       9.01111     219.84293
       9.08811     220.70571
       9.16611     221.63241
       9.24311     222.52734
       9.32111     223.21214
       9.39811     223.64779
       9.47611     224.17130
       9.55311     224.84394
       9.63011     225.47089
       9.70811     226.05752
       9.78511     226.64744
       9.86311     227.26494
       9.94011     227.85328
      10.01811     228.35107
      10.09511     228.82182
      10.17311     229.31667
      10.25011     229.87393
      10.32811     230.59995
      10.40511     231.41739
      10.48311     232.07903
      10.56011     232.65070
      10.63811     233.36502
      10.71511     234.16929
      10.79311     234.90248
      10.87011     235.51274
      10.94811     236.15779
      11.02511     237.09235
      11.10311     238.04811
      11.18011     238.58387
      11.25811     238.86560
      11.33511     239.25856
      11.41311     239.80625
      11.49011     240.35971
      11.56811     240.81028
      11.64511     241.20320
      11.72311     241.64923
      11.80011     242.22559
      11.87711     242.90934
      11.95511     243.56334
      12.03211     244.12769
      12.11011     244.67805
      12.18711     245.25988
      12.26511     245.87323
      12.34211     246.65465
      12.42011     247.65690
      12.49711     248.53119
      12.57511     248.99159
      12.65211     249.40880
      12.73011     250.17868
      12.80711     250.95130
      12.88511     251.45851
      12.96211     252.02681
      13.04011     252.74884
      13.11711     253.41492
      13.19511     254.02235
      13.27211     254.62444
      13.35011     255.15504
      13.42711     255.55126
      13.50511     255.79820
      13.58211     255.91500
      13.66011     255.96621
      13.73711     255.99644
      13.81511     256.00341
      13.89211     256.00191
      13.97011     256.00152
      14.04711     256.00151
      14.12511     256.00151
      14.20211     256.00151
      14.27911     256.00151
      14.35711     256.00151
      14.43411     256.00151
      14.51211     256.00151
      14.58911     256.00151
      14.66711     256.00151
      14.74411     256.00151
      14.82211     256.00151
      14.89911     256.00151
      14.97711     256.00151
      15.05411     256.00151
      15.13211     256.00151
      15.20911     256.00151
      15.28711     256.00151
      15.36411     256.00151
      15.44211     256.00151
      15.51911     256.00151
      15.59711     256.00151
      15.67411     256.00151
      15.75211     256.00151
      15.82911     256.00151
      15.90711     256.00151
      15.98411     256.00151
      16.06211     256.00151
      16.13911     256.00151
      16.21711     256.00151
      16.29411     256.00151
      16.37211     256.00151
      16.44911     256.00151
      16.52611     256.00151
      16.60411     256.00151
      16.68111     256.00151
      16.75911     256.00151
      16.83611     256.00151
      16.91411     256.00151
      16.99111     256.00151
      17.06911     256.00151
      17.14611     256.00151
