      #Energy        TDOS
     -60.14118       0.00000
     -60.06418       0.00000
     -59.98618       0.00000
     -59.90918       0.00000
     -59.83118       0.00000
     -59.75418       0.00000
     -59.67718       0.00000
     -59.59918       0.00000
     -59.52218       0.00000
     -59.44518       0.00000
     -59.36718       0.00000
     -59.29018       0.00000
     -59.21318       0.00000
     -59.13518       0.00000
     -59.05818       0.00000
     -58.98118       0.00000
     -58.90318       0.00000
     -58.82618       0.00000
     -58.74918       0.00000
     -58.67118       0.00000
     -58.59418       0.00000
     -58.51618       0.00000
     -58.43918       0.00000
     -58.36218       0.00000
     -58.28418       0.00000
     -58.20718       0.00000
     -58.13018       0.00000
     -58.05218       0.00000
     -57.97518       0.00000
     -57.89818       0.00000
     -57.82018       0.00000
     -57.74318       0.00000
     -57.66618       0.00000
     -57.58818       0.00000
     -57.51118       0.00000
     -57.43418      -0.00000
     -57.35618      -0.00000
     -57.27918      -0.00000
     -57.20118      -0.00000
     -57.12418      -0.00000
     -57.04718      -0.00000
     -56.96918      -0.00001
     -56.89218      -0.00066
     -56.81518      -0.02159
     -56.73718      -0.18451
     -56.66018       0.00176
     -56.58318       3.48628
     -56.50518      10.58690
     -56.42818      15.46904
     -56.35118      16.24644
     -56.27318      16.04370
     -56.19618      15.99866
     -56.11918      15.99660
     -56.04118      15.99658
     -55.96418      15.99658
     -55.88618      15.99658
     -55.80918      15.99658
     -55.73218      15.99658
     -55.65418      15.99658
     -55.57718      15.99658
     -55.50018      15.99658
     -55.42218      15.99658
     -55.34518      15.99658
     -55.26818      15.99658
     -55.19018      15.99658
     -55.11318      15.99658
     -55.03618      15.99658
     -54.95818      15.99658
     -54.88118      15.99658
     -54.80418      15.99658
     -54.72618      15.99658
     -54.64918      15.99658
     -54.57118      15.99658
     -54.49418      15.99658
     -54.41718      15.99658
     -54.33918      15.99658
     -54.26218      15.99658
     -54.18518      15.99658
     -54.10718      15.99658
     -54.03018      15.99658
     -53.95318      15.99658
     -53.87518      15.99658
     -53.79818      15.99658
     -53.72118      15.99658
     -53.64318      15.99658
     -53.56618      15.99658
     -53.48918      15.99658
     -53.41118      15.99658
     -53.33418      15.99658
     -53.25618      15.99658
     -53.17918      15.99658
     -53.10218      15.99658
     -53.02418      15.99658
     -52.94718      15.99658
     -52.87018      15.99658
     -52.79218      15.99658
     -52.71518      15.99658
     -52.63818      15.99658
     -52.56018      15.99658
     -52.48318      15.99658
     -52.40618      15.99658
     -52.32818      15.99658
     -52.25118      15.99658
     -52.17418      15.99658
     -52.09618      15.99658
     -52.01918      15.99658
     -51.94118      15.99658
     -51.86418      15.99658
     -51.78718      15.99658
     -51.70918      15.99658
     -51.63218      15.99658
     -51.55518      15.99658
     -51.47718      15.99658
     -51.40018      15.99658
     -51.32318      15.99658
     -51.24518      15.99658
     -51.16818      15.99658
     -51.09118      15.99658
     -51.01318      15.99658
     -50.93618      15.99658
     -50.85918      15.99658
     -50.78118      15.99658
     -50.70418      15.99658
     -50.62618      15.99658
     -50.54918      15.99658
     -50.47218      15.99658
     -50.39418      15.99658
     -50.31718      15.99658
     -50.24018      15.99658
     -50.16218      15.99658
     -50.08518      15.99658
     -50.00818      15.99658
     -49.93018      15.99658
     -49.85318      15.99658
     -49.77618      15.99658
     -49.69818      15.99658
     -49.62118      15.99658
     -49.54418      15.99658
     -49.46618      15.99658
     -49.38918      15.99658
     -49.31118      15.99658
     -49.23418      15.99658
     -49.15718      15.99658
     -49.07918      15.99658
     -49.00218      15.99658
     -48.92518      15.99658
     -48.84718      15.99658
     -48.77018      15.99658
     -48.69318      15.99658
     -48.61518      15.99658
     -48.53818      15.99658
     -48.46118      15.99658
     -48.38318      15.99658
     -48.30618      15.99658
     -48.22918      15.99658
     -48.15118      15.99658
     -48.07418      15.99658
     -47.99618      15.99658
     -47.91918      15.99658
     -47.84218      15.99658
     -47.76418      15.99658
     -47.68718      15.99658
     -47.61018      15.99658
     -47.53218      15.99658
     -47.45518      15.99658
     -47.37818      15.99658
     -47.30018      15.99658
     -47.22318      15.99658
     -47.14618      15.99658
     -47.06818      15.99658
     -46.99118      15.99658
     -46.91418      15.99658
     -46.83618      15.99658
     -46.75918      15.99658
     -46.68118      15.99658
     -46.60418      15.99658
     -46.52718      15.99658
     -46.44918      15.99658
     -46.37218      15.99658
     -46.29518      15.99658
     -46.21718      15.99658
     -46.14018      15.99658
     -46.06318      15.99658
     -45.98518      15.99658
     -45.90818      15.99658
     -45.83118      15.99658
     -45.75318      15.99658
     -45.67618      15.99658
     -45.59918      15.99658
     -45.52118      15.99658
     -45.44418      15.99658
     -45.36618      15.99658
     -45.28918      15.99658
     -45.21218      15.99658
     -45.13418      15.99658
     -45.05718      15.99658
     -44.98018      15.99658
     -44.90218      15.99658
     -44.82518      15.99658
     -44.74818      15.99658
     -44.67018      15.99658
     -44.59318      15.99658
     -44.51618      15.99658
     -44.43818      15.99658
     -44.36118      15.99658
     -44.28418      15.99658
     -44.20618      15.99658
     -44.12918      15.99658
     -44.05118      15.99658
     -43.97418      15.99658
     -43.89718      15.99658
     -43.81918      15.99658
     -43.74218      15.99658
     -43.66518      15.99658
     -43.58718      15.99658
     -43.51018      15.99658
     -43.43318      15.99658
     -43.35518      15.99658
     -43.27818      15.99658
     -43.20118      15.99658
     -43.12318      15.99658
     -43.04618      15.99658
     -42.96918      15.99658
     -42.89118      15.99658
     -42.81418      15.99658
     -42.73618      15.99658
     -42.65918      15.99658
     -42.58218      15.99658
     -42.50418      15.99658
     -42.42718      15.99658
     -42.35018      15.99658
     -42.27218      15.99658
     -42.19518      15.99658
     -42.11818      15.99658
     -42.04018      15.99658
     -41.96318      15.99658
     -41.88618      15.99658
     -41.80818      15.99658
     -41.73118      15.99658
     -41.65418      15.99658
     -41.57618      15.99658
     -41.49918      15.99658
     -41.42118      15.99658
     -41.34418      15.99658
     -41.26718      15.99658
     -41.18918      15.99658
     -41.11218      15.99658
     -41.03518      15.99658
     -40.95718      15.99658
     -40.88018      15.99658
     -40.80318      15.99658
     -40.72518      15.99658
     -40.64818      15.99658
     -40.57118      15.99658
     -40.49318      15.99658
     -40.41618      15.99658
     -40.33918      15.99658
     -40.26118      15.99658
     -40.18418      15.99658
     -40.10618      15.99658
     -40.02918      15.99658
     -39.95218      15.99658
     -39.87418      15.99658
     -39.79718      15.99658
     -39.72018      15.99658
     -39.64218      15.99658
     -39.56518      15.99658
     -39.48818      15.99658
     -39.41018      15.99658
     -39.33318      15.99658
     -39.25618      15.99658
     -39.17818      15.99658
     -39.10118      15.99658
     -39.02418      15.99658
     -38.94618      15.99658
     -38.86918      15.99658
     -38.79118      15.99658
     -38.71418      15.99658
     -38.63718      15.99658
     -38.55918      15.99658
     -38.48218      15.99658
     -38.40518      15.99658
     -38.32718      15.99658
     -38.25018      15.99658
     -38.17318      15.99658
     -38.09518      15.99658
     -38.01818      15.99658
     -37.94118      15.99658
     -37.86318      15.99658
     -37.78618      15.99658
     -37.70918      15.99658
     -37.63118      15.99658
     -37.55418      15.99658
     -37.47618      15.99658
     -37.39918      15.99658
     -37.32218      15.99658
     -37.24418      15.99658
     -37.16718      15.99658
     -37.09018      15.99658
     -37.01218      15.99658
     -36.93518      15.99658
     -36.85818      15.99658
     -36.78018      15.99658
     -36.70318      15.99658
     -36.62618      15.99658
     -36.54818      15.99658
     -36.47118      15.99658
     -36.39418      15.99658
     -36.31618      15.99658
     -36.23918      15.99658
     -36.16118      15.99658
     -36.08418      15.99658
     -36.00718      15.99658
     -35.92918      15.99658
     -35.85218      15.99658
     -35.77518      15.99658
     -35.69718      15.99658
     -35.62018      15.99658
     -35.54318      15.99658
     -35.46518      15.99658
     -35.38818      15.99658
     -35.31118      15.99658
     -35.23318      15.99658
     -35.15618      15.99658
     -35.07918      15.99658
     -35.00118      15.99658
     -34.92418      15.99658
     -34.84618      15.99658
     -34.76918      15.99658
     -34.69218      15.99658
     -34.61418      15.99658
     -34.53718      15.99658
     -34.46018      15.99658
     -34.38218      15.99658
     -34.30518      15.99658
     -34.22818      15.99658
     -34.15018      15.99658
     -34.07318      15.99658
     -33.99618      15.99658
     -33.91818      15.99658
     -33.84118      15.99658
     -33.76418      15.99658
     -33.68618      15.99658
     -33.60918      15.99658
     -33.53118      15.99658
     -33.45418      15.99658
     -33.37718      15.99656
     -33.29918      15.99509
     -33.22218      15.95577
     -33.14518      15.69574
     -33.06718      16.10053
     -32.99018      21.75156
     -32.91318      33.54016
     -32.83518      43.41389
     -32.75818      48.07711
     -32.68118      51.47291
     -32.60318      55.93270
     -32.52618      60.86976
     -32.44918      63.71751
     -32.37118      64.14860
     -32.29418      64.02500
     -32.21618      63.99782
     -32.13918      63.99661
     -32.06218      63.99659
     -31.98418      63.99659
     -31.90718      63.99659
     -31.83018      63.99659
     -31.75218      63.99659
     -31.67518      63.99659
     -31.59818      63.99659
     -31.52018      63.99659
     -31.44318      63.99659
     -31.36618      63.99659
     -31.28818      63.99659
     -31.21118      63.99659
     -31.13418      63.99659
     -31.05618      63.99659
     -30.97918      63.99659
     -30.90118      63.99659
     -30.82418      63.99659
     -30.74718      63.99659
     -30.66918      63.99659
     -30.59218      63.99659
     -30.51518      63.99659
     -30.43718      63.99659
     -30.36018      63.99659
     -30.28318      63.99659
     -30.20518      63.99659
     -30.12818      63.99659
     -30.05118      63.99659
     -29.97318      63.99659
     -29.89618      63.99659
     -29.81918      63.99659
     -29.74118      63.99659
     -29.66418      63.99659
     -29.58618      63.99659
     -29.50918      63.99659
     -29.43218      63.99659
     -29.35418      63.99659
     -29.27718      63.99659
     -29.20018      63.99659
     -29.12218      63.99659
     -29.04518      63.99659
     -28.96818      63.99659
     -28.89018      63.99659
     -28.81318      63.99659
     -28.73618      63.99659
     -28.65818      63.99659
     -28.58118      63.99659
     -28.50418      63.99659
     -28.42618      63.99659
     -28.34918      63.99659
     -28.27118      63.99659
     -28.19418      63.99659
     -28.11718      63.99659
     -28.03918      63.99659
     -27.96218      63.99659
     -27.88518      63.99659
     -27.80718      63.99659
     -27.73018      63.99659
     -27.65318      63.99659
     -27.57518      63.99659
     -27.49818      63.99659
     -27.42118      63.99659
     -27.34318      63.99659
     -27.26618      63.99659
     -27.18918      63.99659
     -27.11118      63.99659
     -27.03418      63.99659
     -26.95618      63.99659
     -26.87918      63.99659
     -26.80218      63.99659
     -26.72418      63.99659
     -26.64718      63.99659
     -26.57018      63.99659
     -26.49218      63.99659
     -26.41518      63.99659
     -26.33818      63.99659
     -26.26018      63.99659
     -26.18318      63.99659
     -26.10618      63.99659
     -26.02818      63.99659
     -25.95118      63.99659
     -25.87418      63.99659
     -25.79618      63.99659
     -25.71918      63.99659
     -25.64118      63.99659
     -25.56418      63.99659
     -25.48718      63.99659
     -25.40918      63.99659
     -25.33218      63.99659
     -25.25518      63.99659
     -25.17718      63.99659
     -25.10018      63.99659
     -25.02318      63.99659
     -24.94518      63.99659
     -24.86818      63.99659
     -24.79118      63.99659
     -24.71318      63.99659
     -24.63618      63.99659
     -24.55918      63.99659
     -24.48118      63.99659
     -24.40418      63.99659
     -24.32618      63.99659
     -24.24918      63.99659
     -24.17218      63.99659
     -24.09418      63.99659
     -24.01718      63.99659
     -23.94018      63.99659
     -23.86218      63.99659
     -23.78518      63.99659
     -23.70818      63.99659
     -23.63018      63.99659
     -23.55318      63.99659
     -23.47618      63.99659
     -23.39818      63.99659
     -23.32118      63.99659
     -23.24418      63.99659
     -23.16618      63.99659
     -23.08918      63.99659
     -23.01118      63.99659
     -22.93418      63.99659
     -22.85718      63.99659
     -22.77918      63.99659
     -22.70218      63.99659
     -22.62518      63.99659
     -22.54718      63.99659
     -22.47018      63.99659
     -22.39318      63.99659
     -22.31518      63.99659
     -22.23818      63.99659
     -22.16118      63.99659
     -22.08318      63.99659
     -22.00618      63.99659
     -21.92918      63.99659
     -21.85118      63.99659
     -21.77418      63.99659
     -21.69618      63.99659
     -21.61918      63.99659
     -21.54218      63.99659
     -21.46418      63.99659
     -21.38718      63.99659
     -21.31018      63.99659
     -21.23218      63.99659
     -21.15518      63.99659
     -21.07818      63.99659
     -21.00018      63.99659
     -20.92318      63.99659
     -20.84618      63.99659
     -20.76818      63.99659
     -20.69118      63.99659
     -20.61418      63.99659
     -20.53618      63.99659
     -20.45918      63.99659
     -20.38118      63.99659
     -20.30418      63.99659
     -20.22718      63.99659
     -20.14918      63.99659
     -20.07218      63.99659
     -19.99518      63.99659
     -19.91718      63.99659
     -19.84018      63.99659
     -19.76318      63.99659
     -19.68518      63.99659
     -19.60818      63.99659
     -19.53118      63.99659
     -19.45318      63.99659
     -19.37618      63.99659
     -19.29918      63.99659
     -19.22118      63.99659
     -19.14418      63.99659
     -19.06618      63.99659
     -18.98918      63.99659
     -18.91218      63.99659
     -18.83418      63.99659
     -18.75718      63.99659
     -18.68018      63.99659
     -18.60218      63.99659
     -18.52518      63.99659
     -18.44818      63.99659
     -18.37018      63.99659
     -18.29318      63.99659
     -18.21618      63.99659
     -18.13818      63.99659
     -18.06118      63.99659
     -17.98418      63.99659
     -17.90618      63.99659
     -17.82918      63.99659
     -17.75118      63.99659
     -17.67418      63.99659
     -17.59718      63.99659
     -17.51918      63.99659
     -17.44218      63.99659
     -17.36518      63.99659
     -17.28718      63.99659
     -17.21018      63.99659
     -17.13318      63.99659
     -17.05518      63.99659
     -16.97818      63.99659
     -16.90118      63.99659
     -16.82318      63.99659
     -16.74618      63.99659
     -16.66918      63.99659
     -16.59118      63.99659
     -16.51418      63.99659
     -16.43618      63.99659
     -16.35918      63.99659
     -16.28218      63.99659
     -16.20418      63.99659
     -16.12718      63.99659
     -16.05018      63.99659
     -15.97218      63.99659
     -15.89518      63.99659
     -15.81818      63.99659
     -15.74018      63.99659
     -15.66318      63.99659
     -15.58618      63.99659
     -15.50818      63.99659
     -15.43118      63.99659
     -15.35418      63.99659
     -15.27618      63.99659
     -15.19918      63.99659
     -15.12118      63.99659
     -15.04418      63.99659
     -14.96718      63.99659
     -14.88918      63.99659
     -14.81218      63.99659
     -14.73518      63.99659
     -14.65718      63.99659
     -14.58018      63.99659
     -14.50318      63.99659
     -14.42518      63.99659
     -14.34818      63.99659
     -14.27118      63.99659
     -14.19318      63.99659
     -14.11618      63.99659
     -14.03918      63.99659
     -13.96118      63.99659
     -13.88418      63.99659
     -13.80618      63.99659
     -13.72918      63.99659
     -13.65218      63.99659
     -13.57418      63.99659
     -13.49718      63.99659
     -13.42018      63.99659
     -13.34218      63.99659
     -13.26518      63.99659
     -13.18818      63.99659
     -13.11018      63.99659
     -13.03318      63.99659
     -12.95618      63.99659
     -12.87818      63.99659
     -12.80118      63.99659
     -12.72418      63.99659
     -12.64618      63.99659
     -12.56918      63.99659
     -12.49118      63.99659
     -12.41418      63.99659
     -12.33718      63.99659
     -12.25918      63.99659
     -12.18218      63.99659
     -12.10518      63.99659
     -12.02718      63.99659
     -11.95018      63.99659
     -11.87318      63.99659
     -11.79518      63.99659
     -11.71818      63.99659
     -11.64118      63.99659
     -11.56318      63.99659
     -11.48618      63.99659
     -11.40818      63.99659
     -11.33118      63.99659
     -11.25418      63.99659
     -11.17618      63.99659
     -11.09918      63.99659
     -11.02218      63.99659
     -10.94418      63.99659
     -10.86718      63.99659
     -10.79018      63.99659
     -10.71218      63.99659
     -10.63518      63.99659
     -10.55818      63.99659
     -10.48018      63.99659
     -10.40318      63.99659
     -10.32618      63.99659
     -10.24818      63.99659
     -10.17118      63.99659
     -10.09318      63.99659
     -10.01618      63.99659
      -9.93918      63.99659
      -9.86118      63.99659
      -9.78418      63.99659
      -9.70718      63.99659
      -9.62918      63.99659
      -9.55218      63.99659
      -9.47518      63.99659
      -9.39718      63.99659
      -9.32018      63.99659
      -9.24318      63.99657
      -9.16518      63.99632
      -9.08818      63.99574
      -9.01118      63.99953
      -8.93318      64.02089
      -8.85618      64.06161
      -8.77818      64.11116
      -8.70118      64.18557
      -8.62418      64.27553
      -8.54618      64.34487
      -8.46918      64.43083
      -8.39218      64.55653
      -8.31418      64.67341
      -8.23718      64.78813
      -8.16018      64.92446
      -8.08218      65.03747
      -8.00518      65.16364
      -7.92818      65.34569
      -7.85018      65.53079
      -7.77318      65.70878
      -7.69618      65.86879
      -7.61818      66.01599
      -7.54118      66.21792
      -7.46318      66.47724
      -7.38618      66.72207
      -7.30918      66.95966
      -7.23118      67.19825
      -7.15418      67.40765
      -7.07718      67.64176
      -6.99918      67.87923
      -6.92218      68.07930
      -6.84518      68.31627
      -6.76718      68.59099
      -6.69018      68.84127
      -6.61318      69.08211
      -6.53518      69.33389
      -6.45818      69.58591
      -6.38118      69.82454
      -6.30318      70.04101
      -6.22618      70.24043
      -6.14818      70.45010
      -6.07118      70.74067
      -5.99418      71.07488
      -5.91618      71.35470
      -5.83918      71.60192
      -5.76218      71.83104
      -5.68418      72.05873
      -5.60718      72.31283
      -5.53018      72.56976
      -5.45218      72.80747
      -5.37518      73.06440
      -5.29818      73.36611
      -5.22018      73.65154
      -5.14318      73.95434
      -5.06618      74.29446
      -4.98818      74.63157
      -4.91118      75.01423
      -4.83318      75.39021
      -4.75618      75.67990
      -4.67918      75.97295
      -4.60118      76.30158
      -4.52418      76.61498
      -4.44718      76.96527
      -4.36918      77.35320
      -4.29218      77.68307
      -4.21518      77.96049
      -4.13718      78.24090
      -4.06018      78.55213
      -3.98318      78.89186
      -3.90518      79.20696
      -3.82818      79.48110
      -3.75118      79.75713
      -3.67318      80.02350
      -3.59618      80.30537
      -3.51818      80.73844
      -3.44118      81.26548
      -3.36418      81.72805
      -3.28618      82.11737
      -3.20918      82.48580
      -3.13218      82.91550
      -3.05418      83.39327
      -2.97718      83.82397
      -2.90018      84.22253
      -2.82218      84.65029
      -2.74518      85.13375
      -2.66818      85.70384
      -2.59018      86.34142
      -2.51318      87.02886
      -2.43618      87.71227
      -2.35818      88.35848
      -2.28118      89.05017
      -2.20318      89.85569
      -2.12618      90.75840
      -2.04918      91.65531
      -1.97118      92.49111
      -1.89418      93.34818
      -1.81718      94.35338
      -1.73918      95.49356
      -1.66218      96.61093
      -1.58518      97.69851
      -1.50718      98.98953
      -1.43018     100.51029
      -1.35318     101.93784
      -1.27518     103.06024
      -1.19818     103.90907
      -1.12118     104.56568
      -1.04318     105.10580
      -0.96618     105.60658
      -0.88818     106.13486
      -0.81118     106.71049
      -0.73418     107.40655
      -0.65618     108.41252
      -0.57918     109.69620
      -0.50218     110.90174
      -0.42418     111.95065
      -0.34718     113.07034
      -0.27018     114.38650
      -0.19218     115.91654
      -0.11518     117.49029
      -0.03818     118.84822
       0.03982     120.00968
       0.11682     121.05394
       0.19382     121.96168
       0.27182     122.93594
       0.34882     123.94463
       0.42682     124.74693
       0.50382     125.46020
       0.58082     126.23752
       0.65882     127.11625
       0.73582     127.97008
       0.81282     128.67894
       0.89082     129.50553
       0.96782     130.55289
       1.04482     131.63854
       1.12282     132.74585
       1.19982     133.87946
       1.27682     135.07418
       1.35482     136.36636
       1.43182     137.79198
       1.50882     139.31428
       1.58682     140.71631
       1.66382     142.07966
       1.74182     143.66771
       1.81882     145.60463
       1.89582     147.88036
       1.97382     150.17813
       2.05082     152.33048
       2.12782     154.39155
       2.20582     156.21631
       2.28282     157.89255
       2.35982     159.57575
       2.43782     161.00833
       2.51482     162.10403
       2.59182     163.09299
       2.66982     164.00460
       2.74682     164.74181
       2.82382     165.43122
       2.90182     166.18077
       2.97882     166.81476
       3.05682     167.39339
       3.13382     168.07035
       3.21082     168.71331
       3.28882     169.29918
       3.36582     169.88180
       3.44282     170.42080
       3.52082     170.98207
       3.59782     171.70834
       3.67482     172.54530
       3.75282     173.42751
       3.82982     174.41570
       3.90682     175.54350
       3.98482     176.86663
       4.06182     178.25009
       4.13882     179.57244
       4.21682     180.76367
       4.29382     181.67207
       4.37182     182.44780
       4.44882     183.23912
       4.52582     183.93406
       4.60382     184.44869
       4.68082     184.83867
       4.75782     185.29900
       4.83582     185.87392
       4.91282     186.42150
       4.98982     186.93501
       5.06782     187.43518
       5.14482     187.95155
       5.22182     188.53680
       5.29982     189.10322
       5.37682     189.61456
       5.45382     190.11488
       5.53182     190.60808
       5.60882     191.22977
       5.68682     192.04221
       5.76382     192.85952
       5.84082     193.61251
       5.91882     194.32756
       5.99582     194.99079
       6.07282     195.64156
       6.15082     196.33209
       6.22782     197.19013
       6.30482     198.26069
       6.38282     199.29104
       6.45982     200.13136
       6.53682     200.86962
       6.61482     201.54139
       6.69182     202.23320
       6.76882     202.94732
       6.84682     203.59906
       6.92382     204.23765
       7.00182     204.92419
       7.07882     205.73586
       7.15582     206.64050
       7.23382     207.47166
       7.31082     208.22906
       7.38782     208.95835
       7.46582     209.65070
       7.54282     210.40133
       7.61982     211.14226
       7.69782     211.77953
       7.77482     212.38466
       7.85182     212.92656
       7.92982     213.45755
       8.00682     214.11176
       8.08382     214.88378
       8.16182     215.69328
       8.23882     216.50394
       8.31682     217.25956
       8.39382     217.84884
       8.47082     218.32321
       8.54882     218.88854
       8.62582     219.60951
       8.70282     220.38300
       8.78082     221.20600
       8.85782     222.03252
       8.93482     222.79955
       9.01282     223.56620
       9.08982     224.26396
       9.16682     224.87354
       9.24482     225.48428
       9.32182     226.14824
       9.39882     226.94327
       9.47682     227.78371
       9.55382     228.58780
       9.63182     229.35143
       9.70882     230.02622
       9.78582     230.68488
       9.86382     231.35499
       9.94082     231.94047
      10.01782     232.47811
      10.09582     233.04913
      10.17282     233.59583
      10.24982     234.13397
      10.32782     234.72518
      10.40482     235.37560
      10.48182     236.06347
      10.55982     236.71002
      10.63682     237.33701
      10.71382     238.00437
      10.79182     238.57852
      10.86882     239.01936
      10.94682     239.54547
      11.02382     240.16202
      11.10082     240.67355
      11.17882     241.10917
      11.25582     241.60364
      11.33282     242.23086
      11.41082     242.90055
      11.48782     243.47435
      11.56482     244.05724
      11.64282     244.70941
      11.71982     245.32719
      11.79682     245.95201
      11.87482     246.56027
      11.95182     247.06457
      12.02882     247.58133
      12.10682     248.22541
      12.18382     248.93110
      12.26182     249.58864
      12.33882     250.20406
      12.41582     250.83894
      12.49382     251.50437
      12.57082     252.13565
      12.64782     252.65604
      12.72582     253.08686
      12.80282     253.57859
      12.87982     254.18635
      12.95782     254.79524
      13.03482     255.23437
      13.11182     255.44102
      13.18982     255.55426
      13.26682     255.67710
      13.34382     255.78710
      13.42182     255.86093
      13.49882     255.91361
      13.57682     255.95499
      13.65382     255.98219
      13.73082     255.99456
      13.80882     255.99618
      13.88582     255.99560
      13.96282     255.99548
      14.04082     255.99547
      14.11782     255.99547
      14.19482     255.99547
      14.27282     255.99547
      14.34982     255.99547
      14.42682     255.99547
      14.50482     255.99547
      14.58182     255.99547
      14.65882     255.99547
      14.73682     255.99547
      14.81382     255.99547
      14.89182     255.99547
      14.96882     255.99547
      15.04582     255.99547
      15.12382     255.99547
      15.20082     255.99547
      15.27782     255.99547
      15.35582     255.99547
      15.43282     255.99547
      15.50982     255.99547
      15.58782     255.99547
      15.66482     255.99547
      15.74182     255.99547
      15.81982     255.99547
      15.89682     255.99547
      15.97382     255.99547
      16.05182     255.99547
      16.12882     255.99547
      16.20682     255.99547
      16.28382     255.99547
      16.36082     255.99547
      16.43882     255.99547
      16.51582     255.99547
      16.59282     255.99547
      16.67082     255.99547
      16.74782     255.99547
      16.82482     255.99547
      16.90282     255.99547
      16.97982     255.99547
      17.05682     255.99547
      17.13482     255.99547
