      #Energy        TDOS
     -60.10257       0.00000
     -60.02557       0.00000
     -59.94957       0.00000
     -59.87357       0.00000
     -59.79657       0.00000
     -59.72057       0.00000
     -59.64357       0.00000
     -59.56757       0.00000
     -59.49057       0.00000
     -59.41457       0.00000
     -59.33757       0.00000
     -59.26157       0.00000
     -59.18457       0.00000
     -59.10857       0.00000
     -59.03157       0.00000
     -58.95557       0.00000
     -58.87857       0.00000
     -58.80257       0.00000
     -58.72657       0.00000
     -58.64957       0.00000
     -58.57357       0.00000
     -58.49657       0.00000
     -58.42057       0.00000
     -58.34357       0.00000
     -58.26757       0.00000
     -58.19057       0.00000
     -58.11457       0.00000
     -58.03757       0.00000
     -57.96157       0.00000
     -57.88457       0.00000
     -57.80857       0.00000
     -57.73257       0.00000
     -57.65557       0.00000
     -57.57957       0.00000
     -57.50257      -0.00000
     -57.42657      -0.00000
     -57.34957      -0.00000
     -57.27357      -0.00000
     -57.19657      -0.00000
     -57.12057      -0.00000
     -57.04357      -0.00000
     -56.96757      -0.00001
     -56.89057      -0.00077
     -56.81457      -0.02307
     -56.73757      -0.18718
     -56.66157       0.00046
     -56.58557       3.41943
     -56.50857      10.44991
     -56.43257      15.40248
     -56.35557      16.25942
     -56.27957      16.05709
     -56.20257      16.00611
     -56.12657      16.00349
     -56.04957      16.00345
     -55.97357      16.00345
     -55.89657      16.00345
     -55.82057      16.00345
     -55.74357      16.00345
     -55.66757      16.00345
     -55.59157      16.00345
     -55.51457      16.00345
     -55.43857      16.00345
     -55.36157      16.00345
     -55.28557      16.00345
     -55.20857      16.00345
     -55.13257      16.00345
     -55.05557      16.00345
     -54.97957      16.00345
     -54.90257      16.00345
     -54.82657      16.00345
     -54.74957      16.00345
     -54.67357      16.00345
     -54.59657      16.00345
     -54.52057      16.00345
     -54.44457      16.00345
     -54.36757      16.00345
     -54.29157      16.00345
     -54.21457      16.00345
     -54.13857      16.00345
     -54.06157      16.00345
     -53.98557      16.00345
     -53.90857      16.00345
     -53.83257      16.00345
     -53.75557      16.00345
     -53.67957      16.00345
     -53.60257      16.00345
     -53.52657      16.00345
     -53.45057      16.00345
     -53.37357      16.00345
     -53.29757      16.00345
     -53.22057      16.00345
     -53.14457      16.00345
     -53.06757      16.00345
     -52.99157      16.00345
     -52.91457      16.00345
     -52.83857      16.00345
     -52.76157      16.00345
     -52.68557      16.00345
     -52.60857      16.00345
     -52.53257      16.00345
     -52.45557      16.00345
     -52.37957      16.00345
     -52.30357      16.00345
     -52.22657      16.00345
     -52.15057      16.00345
     -52.07357      16.00345
     -51.99757      16.00345
     -51.92057      16.00345
     -51.84457      16.00345
     -51.76757      16.00345
     -51.69157      16.00345
     -51.61457      16.00345
     -51.53857      16.00345
     -51.46157      16.00345
     -51.38557      16.00345
     -51.30957      16.00345
     -51.23257      16.00345
     -51.15657      16.00345
     -51.07957      16.00345
     -51.00357      16.00345
     -50.92657      16.00345
     -50.85057      16.00345
     -50.77357      16.00345
     -50.69757      16.00345
     -50.62057      16.00345
     -50.54457      16.00345
     -50.46757      16.00345
     -50.39157      16.00345
     -50.31557      16.00345
     -50.23857      16.00345
     -50.16257      16.00345
     -50.08557      16.00345
     -50.00957      16.00345
     -49.93257      16.00345
     -49.85657      16.00345
     -49.77957      16.00345
     -49.70357      16.00345
     -49.62657      16.00345
     -49.55057      16.00345
     -49.47357      16.00345
     -49.39757      16.00345
     -49.32057      16.00345
     -49.24457      16.00345
     -49.16857      16.00345
     -49.09157      16.00345
     -49.01557      16.00345
     -48.93857      16.00345
     -48.86257      16.00345
     -48.78557      16.00345
     -48.70957      16.00345
     -48.63257      16.00345
     -48.55657      16.00345
     -48.47957      16.00345
     -48.40357      16.00345
     -48.32657      16.00345
     -48.25057      16.00345
     -48.17457      16.00345
     -48.09757      16.00345
     -48.02157      16.00345
     -47.94457      16.00345
     -47.86857      16.00345
     -47.79157      16.00345
     -47.71557      16.00345
     -47.63857      16.00345
     -47.56257      16.00345
     -47.48557      16.00345
     -47.40957      16.00345
     -47.33257      16.00345
     -47.25657      16.00345
     -47.17957      16.00345
     -47.10357      16.00345
     -47.02757      16.00345
     -46.95057      16.00345
     -46.87457      16.00345
     -46.79757      16.00345
     -46.72157      16.00345
     -46.64457      16.00345
     -46.56857      16.00345
     -46.49157      16.00345
     -46.41557      16.00345
     -46.33857      16.00345
     -46.26257      16.00345
     -46.18557      16.00345
     -46.10957      16.00345
     -46.03357      16.00345
     -45.95657      16.00345
     -45.88057      16.00345
     -45.80357      16.00345
     -45.72757      16.00345
     -45.65057      16.00345
     -45.57457      16.00345
     -45.49757      16.00345
     -45.42157      16.00345
     -45.34457      16.00345
     -45.26857      16.00345
     -45.19157      16.00345
     -45.11557      16.00345
     -45.03857      16.00345
     -44.96257      16.00345
     -44.88657      16.00345
     -44.80957      16.00345
     -44.73357      16.00345
     -44.65657      16.00345
     -44.58057      16.00345
     -44.50357      16.00345
     -44.42757      16.00345
     -44.35057      16.00345
     -44.27457      16.00345
     -44.19757      16.00345
     -44.12157      16.00345
     -44.04457      16.00345
     -43.96857      16.00345
     -43.89257      16.00345
     -43.81557      16.00345
     -43.73957      16.00345
     -43.66257      16.00345
     -43.58657      16.00345
     -43.50957      16.00345
     -43.43357      16.00345
     -43.35657      16.00345
     -43.28057      16.00345
     -43.20357      16.00345
     -43.12757      16.00345
     -43.05057      16.00345
     -42.97457      16.00345
     -42.89857      16.00345
     -42.82157      16.00345
     -42.74557      16.00345
     -42.66857      16.00345
     -42.59257      16.00345
     -42.51557      16.00345
     -42.43957      16.00345
     -42.36257      16.00345
     -42.28657      16.00345
     -42.20957      16.00345
     -42.13357      16.00345
     -42.05657      16.00345
     -41.98057      16.00345
     -41.90357      16.00345
     -41.82757      16.00345
     -41.75157      16.00345
     -41.67457      16.00345
     -41.59857      16.00345
     -41.52157      16.00345
     -41.44557      16.00345
     -41.36857      16.00345
     -41.29257      16.00345
     -41.21557      16.00345
     -41.13957      16.00345
     -41.06257      16.00345
     -40.98657      16.00345
     -40.90957      16.00345
     -40.83357      16.00345
     -40.75757      16.00345
     -40.68057      16.00345
     -40.60457      16.00345
     -40.52757      16.00345
     -40.45157      16.00345
     -40.37457      16.00345
     -40.29857      16.00345
     -40.22157      16.00345
     -40.14557      16.00345
     -40.06857      16.00345
     -39.99257      16.00345
     -39.91557      16.00345
     -39.83957      16.00345
     -39.76257      16.00345
     -39.68657      16.00345
     -39.61057      16.00345
     -39.53357      16.00345
     -39.45757      16.00345
     -39.38057      16.00345
     -39.30457      16.00345
     -39.22757      16.00345
     -39.15157      16.00345
     -39.07457      16.00345
     -38.99857      16.00345
     -38.92157      16.00345
     -38.84557      16.00345
     -38.76857      16.00345
     -38.69257      16.00345
     -38.61657      16.00345
     -38.53957      16.00345
     -38.46357      16.00345
     -38.38657      16.00345
     -38.31057      16.00345
     -38.23357      16.00345
     -38.15757      16.00345
     -38.08057      16.00345
     -38.00457      16.00345
     -37.92757      16.00345
     -37.85157      16.00345
     -37.77457      16.00345
     -37.69857      16.00345
     -37.62157      16.00345
     -37.54557      16.00345
     -37.46957      16.00345
     -37.39257      16.00345
     -37.31657      16.00345
     -37.23957      16.00345
     -37.16357      16.00345
     -37.08657      16.00345
     -37.01057      16.00345
     -36.93357      16.00345
     -36.85757      16.00345
     -36.78057      16.00345
     -36.70457      16.00345
     -36.62757      16.00345
     -36.55157      16.00345
     -36.47557      16.00345
     -36.39857      16.00345
     -36.32257      16.00345
     -36.24557      16.00345
     -36.16957      16.00345
     -36.09257      16.00345
     -36.01657      16.00345
     -35.93957      16.00345
     -35.86357      16.00345
     -35.78657      16.00345
     -35.71057      16.00345
     -35.63357      16.00345
     -35.55757      16.00345
     -35.48057      16.00345
     -35.40457      16.00345
     -35.32857      16.00345
     -35.25157      16.00345
     -35.17557      16.00345
     -35.09857      16.00345
     -35.02257      16.00345
     -34.94557      16.00345
     -34.86957      16.00345
     -34.79257      16.00345
     -34.71657      16.00345
     -34.63957      16.00345
     -34.56357      16.00345
     -34.48657      16.00345
     -34.41057      16.00345
     -34.33457      16.00345
     -34.25757      16.00345
     -34.18157      16.00345
     -34.10457      16.00345
     -34.02857      16.00345
     -33.95157      16.00345
     -33.87557      16.00345
     -33.79857      16.00345
     -33.72257      16.00345
     -33.64557      16.00345
     -33.56957      16.00345
     -33.49257      16.00345
     -33.41657      16.00345
     -33.34057      16.00325
     -33.26357      15.99380
     -33.18757      15.86808
     -33.11057      15.61337
     -33.03457      17.88378
     -32.95757      26.98300
     -32.88157      38.77757
     -32.80457      45.82410
     -32.72857      49.32845
     -32.65157      52.93908
     -32.57557      57.71158
     -32.49857      62.15452
     -32.42257      64.03404
     -32.34557      64.10959
     -32.26957      64.01292
     -32.19357      64.00054
     -32.11657      64.00014
     -32.04057      64.00013
     -31.96357      64.00013
     -31.88757      64.00013
     -31.81057      64.00013
     -31.73457      64.00013
     -31.65757      64.00013
     -31.58157      64.00013
     -31.50457      64.00013
     -31.42857      64.00013
     -31.35157      64.00013
     -31.27557      64.00013
     -31.19957      64.00013
     -31.12257      64.00013
     -31.04657      64.00013
     -30.96957      64.00013
     -30.89357      64.00013
     -30.81657      64.00013
     -30.74057      64.00013
     -30.66357      64.00013
     -30.58757      64.00013
     -30.51057      64.00013
     -30.43457      64.00013
     -30.35757      64.00013
     -30.28157      64.00013
     -30.20457      64.00013
     -30.12857      64.00013
     -30.05257      64.00013
     -29.97557      64.00013
     -29.89957      64.00013
     -29.82257      64.00013
     -29.74657      64.00013
     -29.66957      64.00013
     -29.59357      64.00013
     -29.51657      64.00013
     -29.44057      64.00013
     -29.36357      64.00013
     -29.28757      64.00013
     -29.21057      64.00013
     -29.13457      64.00013
     -29.05857      64.00013
     -28.98157      64.00013
     -28.90557      64.00013
     -28.82857      64.00013
     -28.75257      64.00013
     -28.67557      64.00013
     -28.59957      64.00013
     -28.52257      64.00013
     -28.44657      64.00013
     -28.36957      64.00013
     -28.29357      64.00013
     -28.21657      64.00013
     -28.14057      64.00013
     -28.06357      64.00013
     -27.98757      64.00013
     -27.91157      64.00013
     -27.83457      64.00013
     -27.75857      64.00013
     -27.68157      64.00013
     -27.60557      64.00013
     -27.52857      64.00013
     -27.45257      64.00013
     -27.37557      64.00013
     -27.29957      64.00013
     -27.22257      64.00013
     -27.14657      64.00013
     -27.06957      64.00013
     -26.99357      64.00013
     -26.91757      64.00013
     -26.84057      64.00013
     -26.76457      64.00013
     -26.68757      64.00013
     -26.61157      64.00013
     -26.53457      64.00013
     -26.45857      64.00013
     -26.38157      64.00013
     -26.30557      64.00013
     -26.22857      64.00013
     -26.15257      64.00013
     -26.07557      64.00013
     -25.99957      64.00013
     -25.92257      64.00013
     -25.84657      64.00013
     -25.77057      64.00013
     -25.69357      64.00013
     -25.61757      64.00013
     -25.54057      64.00013
     -25.46457      64.00013
     -25.38757      64.00013
     -25.31157      64.00013
     -25.23457      64.00013
     -25.15857      64.00013
     -25.08157      64.00013
     -25.00557      64.00013
     -24.92857      64.00013
     -24.85257      64.00013
     -24.77657      64.00013
     -24.69957      64.00013
     -24.62357      64.00013
     -24.54657      64.00013
     -24.47057      64.00013
     -24.39357      64.00013
     -24.31757      64.00013
     -24.24057      64.00013
     -24.16457      64.00013
     -24.08757      64.00013
     -24.01157      64.00013
     -23.93457      64.00013
     -23.85857      64.00013
     -23.78257      64.00013
     -23.70557      64.00013
     -23.62957      64.00013
     -23.55257      64.00013
     -23.47657      64.00013
     -23.39957      64.00013
     -23.32357      64.00013
     -23.24657      64.00013
     -23.17057      64.00013
     -23.09357      64.00013
     -23.01757      64.00013
     -22.94057      64.00013
     -22.86457      64.00013
     -22.78757      64.00013
     -22.71157      64.00013
     -22.63557      64.00013
     -22.55857      64.00013
     -22.48257      64.00013
     -22.40557      64.00013
     -22.32957      64.00013
     -22.25257      64.00013
     -22.17657      64.00013
     -22.09957      64.00013
     -22.02357      64.00013
     -21.94657      64.00013
     -21.87057      64.00013
     -21.79357      64.00013
     -21.71757      64.00013
     -21.64157      64.00013
     -21.56457      64.00013
     -21.48857      64.00013
     -21.41157      64.00013
     -21.33557      64.00013
     -21.25857      64.00013
     -21.18257      64.00013
     -21.10557      64.00013
     -21.02957      64.00013
     -20.95257      64.00013
     -20.87657      64.00013
     -20.79957      64.00013
     -20.72357      64.00013
     -20.64657      64.00013
     -20.57057      64.00013
     -20.49457      64.00013
     -20.41757      64.00013
     -20.34157      64.00013
     -20.26457      64.00013
     -20.18857      64.00013
     -20.11157      64.00013
     -20.03557      64.00013
     -19.95857      64.00013
     -19.88257      64.00013
     -19.80557      64.00013
     -19.72957      64.00013
     -19.65257      64.00013
     -19.57657      64.00013
     -19.50057      64.00013
     -19.42357      64.00013
     -19.34757      64.00013
     -19.27057      64.00013
     -19.19457      64.00013
     -19.11757      64.00013
     -19.04157      64.00013
     -18.96457      64.00013
     -18.88857      64.00013
     -18.81157      64.00013
     -18.73557      64.00013
     -18.65857      64.00013
     -18.58257      64.00013
     -18.50557      64.00013
     -18.42957      64.00013
     -18.35357      64.00013
     -18.27657      64.00013
     -18.20057      64.00013
     -18.12357      64.00013
     -18.04757      64.00013
     -17.97057      64.00013
     -17.89457      64.00013
     -17.81757      64.00013
     -17.74157      64.00013
     -17.66457      64.00013
     -17.58857      64.00013
     -17.51157      64.00013
     -17.43557      64.00013
     -17.35957      64.00013
     -17.28257      64.00013
     -17.20657      64.00013
     -17.12957      64.00013
     -17.05357      64.00013
     -16.97657      64.00013
     -16.90057      64.00013
     -16.82357      64.00013
     -16.74757      64.00013
     -16.67057      64.00013
     -16.59457      64.00013
     -16.51757      64.00013
     -16.44157      64.00013
     -16.36457      64.00013
     -16.28857      64.00013
     -16.21257      64.00013
     -16.13557      64.00013
     -16.05957      64.00013
     -15.98257      64.00013
     -15.90657      64.00013
     -15.82957      64.00013
     -15.75357      64.00013
     -15.67657      64.00013
     -15.60057      64.00013
     -15.52357      64.00013
     -15.44757      64.00013
     -15.37057      64.00013
     -15.29457      64.00013
     -15.21857      64.00013
     -15.14157      64.00013
     -15.06557      64.00013
     -14.98857      64.00013
     -14.91257      64.00013
     -14.83557      64.00013
     -14.75957      64.00012
     -14.68257      63.99886
     -14.60657      63.96977
     -14.52957      63.83029
     -14.45357      64.31163
     -14.37657      67.45086
     -14.30057      71.94694
     -14.22457      74.05184
     -14.14757      74.11515
     -14.07157      74.01190
     -13.99457      74.00007
     -13.91857      73.99972
     -13.84157      73.99972
     -13.76557      73.99972
     -13.68857      73.99972
     -13.61257      73.99972
     -13.53557      73.99972
     -13.45957      73.99972
     -13.38257      73.99972
     -13.30657      73.99972
     -13.22957      73.99972
     -13.15357      73.99972
     -13.07757      73.99972
     -13.00057      73.99972
     -12.92457      73.99972
     -12.84757      73.99972
     -12.77157      73.99972
     -12.69457      73.99972
     -12.61857      73.99972
     -12.54157      73.99972
     -12.46557      73.99972
     -12.38857      73.99972
     -12.31257      73.99972
     -12.23557      73.99972
     -12.15957      73.99972
     -12.08357      73.99972
     -12.00657      73.99972
     -11.93057      73.99972
     -11.85357      73.99972
     -11.77757      73.99972
     -11.70057      73.99972
     -11.62457      73.99972
     -11.54757      73.99972
     -11.47157      73.99972
     -11.39457      73.99972
     -11.31857      73.99972
     -11.24157      73.99972
     -11.16557      73.99972
     -11.08857      73.99972
     -11.01257      73.99972
     -10.93657      73.99972
     -10.85957      73.99972
     -10.78357      73.99972
     -10.70657      73.99972
     -10.63057      73.99972
     -10.55357      73.99972
     -10.47757      73.99972
     -10.40057      73.99972
     -10.32457      73.99972
     -10.24757      73.99972
     -10.17157      73.99972
     -10.09457      73.99972
     -10.01857      73.99972
      -9.94257      73.99972
      -9.86557      73.99972
      -9.78957      73.99972
      -9.71257      73.99972
      -9.63657      73.99972
      -9.55957      73.99972
      -9.48357      73.99972
      -9.40657      73.99968
      -9.33057      73.99942
      -9.25357      73.99969
      -9.17757      74.00304
      -9.10057      74.01688
      -9.02457      74.05267
      -8.94757      74.11679
      -8.87157      74.20530
      -8.79557      74.29381
      -8.71857      74.36633
      -8.64257      74.43235
      -8.56557      74.52540
      -8.48957      74.67340
      -8.41257      74.84265
      -8.33657      74.99210
      -8.25957      75.10045
      -8.18357      75.19981
      -8.10657      75.32369
      -8.03057      75.46805
      -7.95357      75.65118
      -7.87757      75.87124
      -7.80157      76.10048
      -7.72457      76.28442
      -7.64857      76.44568
      -7.57157      76.67901
      -7.49557      76.96609
      -7.41857      77.19025
      -7.34257      77.33190
      -7.26557      77.51308
      -7.18957      77.77218
      -7.11257      77.97515
      -7.03657      78.08308
      -6.95957      78.22439
      -6.88357      78.48257
      -6.80657      78.83529
      -6.73057      79.14899
      -6.65457      79.36500
      -6.57757      79.58128
      -6.50157      79.83720
      -6.42457      80.06938
      -6.34857      80.26047
      -6.27157      80.45805
      -6.19557      80.66879
      -6.11857      80.86683
      -6.04257      81.06686
      -5.96557      81.37031
      -5.88957      81.77182
      -5.81257      82.10015
      -5.73657      82.32110
      -5.66057      82.47949
      -5.58357      82.60646
      -5.50757      82.80068
      -5.43057      83.16178
      -5.35457      83.63096
      -5.27757      84.00132
      -5.20157      84.22421
      -5.12457      84.42313
      -5.04857      84.72918
      -4.97157      85.10542
      -4.89557      85.39506
      -4.81857      85.60874
      -4.74257      85.79868
      -4.66657      86.02463
      -4.58957      86.43903
      -4.51357      86.96059
      -4.43657      87.35709
      -4.36057      87.62777
      -4.28357      87.91776
      -4.20757      88.26032
      -4.13057      88.55341
      -4.05457      88.77187
      -3.97757      89.01877
      -3.90157      89.39379
      -3.82457      89.84542
      -3.74857      90.15720
      -3.67157      90.31334
      -3.59557      90.52947
      -3.51957      90.86553
      -3.44257      91.23187
      -3.36657      91.57465
      -3.28957      91.92104
      -3.21357      92.29712
      -3.13657      92.76684
      -3.06057      93.36169
      -2.98357      93.94928
      -2.90757      94.38952
      -2.83057      94.75231
      -2.75457      95.29952
      -2.67757      96.02038
      -2.60157      96.60606
      -2.52557      96.96296
      -2.44857      97.39150
      -2.37257      98.11309
      -2.29557      98.95534
      -2.21957      99.79147
      -2.14257     100.57940
      -2.06657     101.34171
      -1.98957     102.27189
      -1.91357     103.31945
      -1.83657     104.25307
      -1.76057     105.18211
      -1.68357     106.11994
      -1.60757     107.08377
      -1.53057     108.39933
      -1.45457     109.90797
      -1.37857     111.33937
      -1.30157     112.60179
      -1.22557     113.59277
      -1.14857     114.38455
      -1.07257     115.08358
      -0.99557     115.69231
      -0.91957     116.17396
      -0.84257     116.58583
      -0.76657     117.02715
      -0.68957     117.66409
      -0.61357     118.61454
      -0.53657     119.69115
      -0.46057     120.77350
      -0.38457     122.10283
      -0.30757     123.68142
      -0.23157     125.16559
      -0.15457     126.59853
      -0.07857     128.09569
      -0.00157     129.40743
       0.07443     130.36629
       0.15143     131.11911
       0.22743     132.02755
       0.30443     133.19859
       0.38043     134.18020
       0.45743     134.73250
       0.53343     135.10786
       0.61043     135.63286
       0.68643     136.56629
       0.76243     137.72740
       0.83943     138.85869
       0.91543     140.01711
       0.99243     141.05970
       1.06843     141.83138
       1.14543     142.61490
       1.22143     143.71790
       1.29843     145.00249
       1.37443     146.19151
       1.45143     147.42640
       1.52743     148.87004
       1.60443     150.35688
       1.68043     151.91522
       1.75643     153.62381
       1.83343     155.41956
       1.90943     157.62593
       1.98643     160.26853
       2.06243     162.74328
       2.13943     164.66368
       2.21543     166.13752
       2.29243     167.62398
       2.36843     169.26834
       2.44543     170.81176
       2.52143     172.02181
       2.59843     172.86299
       2.67443     173.59712
       2.75143     174.40419
       2.82743     175.24339
       2.90343     176.08526
       2.98043     176.83686
       3.05643     177.41045
       3.13343     177.89902
       3.20943     178.46726
       3.28643     179.17983
       3.36243     179.92008
       3.43943     180.63448
       3.51543     181.30992
       3.59243     181.81833
       3.66843     182.35408
       3.74543     183.27616
       3.82143     184.38986
       3.89743     185.61825
       3.97443     187.09171
       4.05043     188.52962
       4.12743     189.78860
       4.20343     190.77919
       4.28043     191.43399
       4.35643     191.99948
       4.43343     192.70998
       4.50943     193.57632
       4.58643     194.39066
       4.66243     195.02554
       4.73943     195.45026
       4.81543     195.67648
       4.89143     195.90346
       4.96843     196.29415
       5.04443     196.84787
       5.12143     197.49399
       5.19743     198.13823
       5.27443     198.80745
       5.35043     199.48369
       5.42743     200.04884
       5.50343     200.45288
       5.58043     200.74229
       5.65643     201.18326
       5.73343     201.92886
       5.80943     202.79826
       5.88643     203.55609
       5.96243     204.20408
       6.03843     204.95905
       6.11543     205.77431
       6.19143     206.54637
       6.26843     207.44405
       6.34443     208.34060
       6.42143     209.03198
       6.49743     209.65138
       6.57443     210.21714
       6.65043     210.76362
       6.72743     211.39610
       6.80343     212.10568
       6.88043     212.97661
       6.95643     213.93699
       7.03243     214.75531
       7.10943     215.51322
       7.18543     216.32374
       7.26243     217.03956
       7.33843     217.72655
       7.41543     218.56674
       7.49143     219.44187
       7.56843     220.21106
       7.64443     220.87048
       7.72143     221.44973
       7.79743     221.89720
       7.87443     222.21491
       7.95043     222.69162
       8.02743     223.46968
       8.10343     224.33105
       8.17943     225.04423
       8.25643     225.67456
       8.33243     226.40491
       8.40943     227.05542
       8.48543     227.59484
       8.56243     228.38792
       8.63843     229.40222
       8.71543     230.25227
       8.79143     230.88906
       8.86843     231.47294
       8.94443     231.99114
       9.02143     232.49683
       9.09743     233.07341
       9.17343     233.65729
       9.25043     234.28896
       9.32643     235.12043
       9.40343     236.11866
       9.47943     237.00610
       9.55643     237.76547
       9.63243     238.51933
       9.70943     239.19213
       9.78543     239.77620
       9.86243     240.39361
       9.93843     241.21644
      10.01543     242.05368
      10.09143     242.63007
      10.16843     243.07302
      10.24443     243.50386
      10.32043     243.92927
      10.39743     244.39681
      10.47343     244.86974
      10.55043     245.35307
      10.62643     245.93824
      10.70343     246.51907
      10.77943     246.98875
      10.85643     247.43155
      10.93243     248.02403
      11.00943     248.77720
      11.08543     249.43754
      11.16243     249.99133
      11.23843     250.61142
      11.31443     251.24458
      11.39143     251.74806
      11.46743     252.11290
      11.54443     252.49392
      11.62043     252.94472
      11.69743     253.43703
      11.77343     254.02653
      11.85043     254.52836
      11.92643     254.79224
      12.00343     254.97893
      12.07943     255.19903
      12.15643     255.37402
      12.23243     255.47250
      12.30943     255.60566
      12.38543     255.77262
      12.46143     255.88483
      12.53843     255.92702
      12.61443     255.93706
      12.69143     255.94197
      12.76743     255.95030
      12.84443     255.97249
      12.92043     255.99655
      12.99743     256.00380
      13.07343     256.00294
      13.15043     256.00259
      13.22643     256.00257
      13.30343     256.00257
      13.37943     256.00257
      13.45543     256.00257
      13.53243     256.00257
      13.60843     256.00257
      13.68543     256.00257
      13.76143     256.00257
      13.83843     256.00257
      13.91443     256.00257
      13.99143     256.00257
      14.06743     256.00257
      14.14443     256.00257
      14.22043     256.00257
      14.29743     256.00257
      14.37343     256.00257
      14.44943     256.00257
      14.52643     256.00257
      14.60243     256.00257
      14.67943     256.00257
      14.75543     256.00257
      14.83243     256.00257
      14.90843     256.00257
      14.98543     256.00257
      15.06143     256.00257
      15.13843     256.00257
      15.21443     256.00257
      15.29143     256.00257
      15.36743     256.00257
      15.44443     256.00257
      15.52043     256.00257
      15.59643     256.00257
      15.67343     256.00257
      15.74943     256.00257
      15.82643     256.00257
      15.90243     256.00257
      15.97943     256.00257
      16.05543     256.00257
      16.13243     256.00257
      16.20843     256.00257
      16.28543     256.00257
