    2   16   10
 47.880 26.981
    1    1  0.0150  0.0000  0.0000
 -0.133013673130  -0.000000000000   0.000000000000
 -0.003794932685  -0.000000000000   0.000000000000
  0.003279075821  -0.000000000000   0.000000000000
  0.006029821809  -0.000000000000   0.000000000000
  0.063177528497  -0.000000000000   0.000000000000
  0.011330830480  -0.000000000000   0.000000000000
 -0.008724212969  -0.000000000000   0.000000000000
 -0.004769214190  -0.000000000000   0.000000000000
  0.008690076931   0.004200043290   0.007236740449
  0.008690076931   0.004200043290  -0.007236740449
  0.008690076931  -0.004200043290   0.007236740449
  0.008690076931  -0.004200043290  -0.007236740449
  0.007931117160  -0.003656038186  -0.007698540812
  0.007931117160  -0.003656038186   0.007698540812
  0.007931117160   0.003656038186  -0.007698540812
  0.007931117160   0.003656038186   0.007698540812
    1    2  0.0000  0.0000  0.0150
  0.000000000000   0.000000000000  -0.109158858373
  0.000000000000   0.000000000000  -0.025796843230
  0.000000000000   0.000000000000   0.009181808056
  0.000000000000   0.000000000000   0.020009566153
  0.000000000000   0.000000000000   0.009181808056
  0.000000000000   0.000000000000   0.020009566153
  0.000000000000   0.000000000000   0.009424976568
  0.000000000000   0.000000000000  -0.021711772477
  0.008776451953   0.008776451953   0.011090060154
 -0.008773070256  -0.008773070256   0.011124877119
  0.008776451953  -0.008776451953   0.011090060154
 -0.008773070256   0.008773070256   0.011124877119
 -0.008776451953   0.008776451953   0.011090060154
  0.008773070256  -0.008773070256   0.011124877119
 -0.008776451953  -0.008776451953   0.011090060154
  0.008773070256   0.008773070256   0.011124877119
    9    1  0.0150  0.0000  0.0000
  0.008334165291   0.003992561104   0.008706404250
  0.008334165291   0.003992561104  -0.008706404250
  0.008334165291  -0.003992561104   0.008706404250
  0.008334165291  -0.003992561104  -0.008706404250
  0.008322089315  -0.003997213644  -0.008731956124
  0.008322089315  -0.003997213644   0.008731956124
  0.008322089315   0.003997213644  -0.008731956124
  0.008322089315   0.003997213644   0.008731956124
 -0.098851598037  -0.000000000000   0.000000000000
 -0.001975748870  -0.000000000000   0.000000000000
  0.002395990392  -0.000000000000   0.000000000000
 -0.000273116217  -0.000000000000   0.000000000000
  0.029084075769  -0.000000000000   0.000000000000
  0.002398166094  -0.000000000000   0.000000000000
  0.000214915465  -0.000000000000   0.000000000000
  0.000382296980  -0.000000000000   0.000000000000
    9    2  0.0000  0.0000  0.0150
  0.007431682233   0.007431682233   0.010975276398
 -0.007440976164  -0.007440976164   0.011017048221
  0.007431682233  -0.007431682233   0.010975276398
 -0.007440976164   0.007440976164   0.011017048221
 -0.007431682233   0.007431682233   0.010975276398
  0.007440976164  -0.007440976164   0.011017048221
 -0.007431682233  -0.007431682233   0.010975276398
  0.007440976164   0.007440976164   0.011017048221
 -0.000000000000   0.000000000000  -0.123226503753
 -0.000000000000   0.000000000000   0.004036250427
 -0.000000000000   0.000000000000   0.008768108646
 -0.000000000000   0.000000000000   0.003388991048
 -0.000000000000   0.000000000000   0.008768108646
 -0.000000000000   0.000000000000   0.003388991048
 -0.000000000000   0.000000000000   0.001880346626
 -0.000000000000   0.000000000000   0.005026408840
