    3   24   12
 47.880 26.981 69.723
    1    1  0.0150  0.0000  0.0000
 -0.124912761425   0.000000000000  -0.000000000000
 -0.000888312058   0.000000000000  -0.000000000000
 -0.000447943213   0.000000000000  -0.000000000000
  0.004682630032   0.000000000000  -0.000000000000
  0.062519226735   0.000000000000  -0.000000000000
  0.010655922202   0.000000000000  -0.000000000000
 -0.008625435600   0.000000000000  -0.000000000000
 -0.004536718293   0.000000000000  -0.000000000000
  0.007728030855   0.002434552617   0.006324080251
  0.007728030855   0.002434552617  -0.006324080251
  0.007728030855  -0.002434552617   0.006324080251
  0.007728030855  -0.002434552617  -0.006324080251
  0.007660317050  -0.002203894295  -0.006216236452
  0.007660317050  -0.002203894295   0.006216236452
  0.007660317050   0.002203894295  -0.006216236452
  0.007660317050   0.002203894295   0.006216236452
  0.007728030855   0.002434552617   0.006324080251
  0.007728030855   0.002434552617  -0.006324080251
  0.007728030855  -0.002434552617   0.006324080251
  0.007728030855  -0.002434552617  -0.006324080251
  0.007660317050  -0.002203894295  -0.006216236452
  0.007660317050  -0.002203894295   0.006216236452
  0.007660317050   0.002203894295  -0.006216236452
  0.007660317050   0.002203894295   0.006216236452
    1    2  0.0000  0.0000  0.0150
 -0.000000000000   0.000000000000  -0.093472430630
 -0.000000000000   0.000000000000  -0.028642292946
  0.000000000000   0.000000000000   0.011130317152
 -0.000000000000   0.000000000000   0.022764939694
 -0.000000000000   0.000000000000   0.011130317152
  0.000000000000   0.000000000000   0.022764939694
 -0.000000000000   0.000000000000   0.007114665658
 -0.000000000000   0.000000000000  -0.023506889917
  0.006677357572   0.006677357572   0.008824160826
 -0.006737745516  -0.006737745516   0.008854947710
  0.006677357572  -0.006677357572   0.008824160826
 -0.006737745516   0.006737745516   0.008854947710
 -0.006677357572   0.006677357572   0.008824160826
  0.006737745516  -0.006737745516   0.008854947710
 -0.006677357572  -0.006677357572   0.008824160826
  0.006737745516   0.006737745516   0.008854947710
  0.006677357572   0.006677357572   0.008824160826
 -0.006737745516  -0.006737745516   0.008854947710
  0.006677357572  -0.006677357572   0.008824160826
 -0.006737745516   0.006737745516   0.008854947710
 -0.006677357572   0.006677357572   0.008824160826
  0.006737745516  -0.006737745516   0.008854947710
 -0.006677357572  -0.006677357572   0.008824160826
  0.006737745516   0.006737745516   0.008854947710
    9    1  0.0150  0.0000  0.0000
  0.008472763065   0.002999362322   0.007410841037
  0.008472763065   0.002999362322  -0.007410841037
  0.008472763065  -0.002999362322   0.007410841037
  0.008472763065  -0.002999362322  -0.007410841037
  0.008476888455  -0.002998875332  -0.007448715258
  0.008476888455  -0.002998875332   0.007448715258
  0.008476888455   0.002998875332  -0.007448715258
  0.008476888455   0.002998875332   0.007448715258
****************   0.000000000000  -0.000000000000
 -0.002963590853   0.000000000000  -0.000000000000
  0.002765672814   0.000000000000  -0.000000000000
 -0.000615777541   0.000000000000  -0.000000000000
  0.023097854370   0.000000000000  -0.000000000000
  0.003567714611   0.000000000000  -0.000000000000
  0.000619234267   0.000000000000  -0.000000000000
  0.000407985030   0.000000000000  -0.000000000000
****************   0.000000000000  -0.000000000000
 -0.002963590853   0.000000000000  -0.000000000000
  0.002765672814   0.000000000000  -0.000000000000
 -0.000615777541   0.000000000000  -0.000000000000
  0.023097854370   0.000000000000  -0.000000000000
  0.003567714611   0.000000000000  -0.000000000000
  0.000619234267   0.000000000000  -0.000000000000
  0.000407985030   0.000000000000  -0.000000000000
    9    2  0.0000  0.0000  0.0150
  0.007294637769   0.007294637769   0.010064235574
 -0.007391681389  -0.007391681389   0.010027470143
  0.007294637769  -0.007294637769   0.010064235574
 -0.007391681389   0.007391681389   0.010027470143
 -0.007294637769   0.007294637769   0.010064235574
  0.007391681389  -0.007391681389   0.010027470143
 -0.007294637769  -0.007294637769   0.010064235574
  0.007391681389   0.007391681389   0.010027470143
  0.000000000000  -0.000000000000 ****************
  0.000000000000  -0.000000000000   0.004078202261
  0.000000000000  -0.000000000000   0.009980095884
  0.000000000000  -0.000000000000   0.004332139831
  0.000000000000  -0.000000000000   0.009980095884
  0.000000000000  -0.000000000000   0.004332139831
  0.000000000000  -0.000000000000   0.002242709625
  0.000000000000  -0.000000000000   0.006671594926
  0.000000000000  -0.000000000000 ****************
  0.000000000000  -0.000000000000   0.004078202261
  0.000000000000  -0.000000000000   0.009980095884
  0.000000000000  -0.000000000000   0.004332139831
  0.000000000000  -0.000000000000   0.009980095884
  0.000000000000  -0.000000000000   0.004332139831
  0.000000000000  -0.000000000000   0.002242709625
  0.000000000000  -0.000000000000   0.006671594926
   17    1  0.0150  0.0000  0.0000
 -0.000639120458  -0.000540016357  -0.000685165469
 -0.000639120458  -0.000540016357   0.000685165469
 -0.000639120458   0.000540016357  -0.000685165469
 -0.000639120458   0.000540016357   0.000685165469
 -0.000777559162   0.000745962785   0.000779385470
 -0.000777559162   0.000745962785  -0.000779385470
 -0.000777559162  -0.000745962785   0.000779385470
 -0.000777559162  -0.000745962785  -0.000779385470
****************   0.000000000000   0.000000000000
 -0.000135172509   0.000000000000   0.000000000000
  0.000190602206   0.000000000000   0.000000000000
  0.000613727179   0.000000000000   0.000000000000
 -0.003680105135   0.000000000000   0.000000000000
  0.000128094988   0.000000000000   0.000000000000
  0.000534650037   0.000000000000   0.000000000000
 -0.000248918934   0.000000000000   0.000000000000
****************   0.000000000000   0.000000000000
 -0.000135172509   0.000000000000   0.000000000000
  0.000190602206   0.000000000000   0.000000000000
  0.000613727179   0.000000000000   0.000000000000
 -0.003680105135   0.000000000000   0.000000000000
  0.000128094988   0.000000000000   0.000000000000
  0.000534650037   0.000000000000   0.000000000000
 -0.000248918934   0.000000000000   0.000000000000
   17    2  0.0000  0.0000  0.0150
 -0.001145002899  -0.001145002899  -0.001453449303
  0.001030713663   0.001030713663  -0.001027489468
 -0.001145002899   0.001145002899  -0.001453449303
  0.001030713663  -0.001030713663  -0.001027489468
  0.001145002899  -0.001145002899  -0.001453449303
 -0.001030713663   0.001030713663  -0.001027489468
  0.001145002899   0.001145002899  -0.001453449303
 -0.001030713663  -0.001030713663  -0.001027489468
 -0.000000000000   0.000000000000 ****************
 -0.000000000000   0.000000000000   0.000765250908
 -0.000000000000   0.000000000000   0.000204281945
 -0.000000000000   0.000000000000   0.000269274102
 -0.000000000000   0.000000000000   0.000204281945
 -0.000000000000   0.000000000000   0.000269274102
 -0.000000000000   0.000000000000   0.000170098397
 -0.000000000000   0.000000000000   0.000291087106
 -0.000000000000   0.000000000000 ****************
 -0.000000000000   0.000000000000   0.000765250908
 -0.000000000000   0.000000000000   0.000204281945
 -0.000000000000   0.000000000000   0.000269274102
 -0.000000000000   0.000000000000   0.000204281945
 -0.000000000000   0.000000000000   0.000269274102
 -0.000000000000   0.000000000000   0.000170098397
 -0.000000000000   0.000000000000   0.000291087106
