    3   24   12
 47.880 26.981 69.723
    1    1  0.0150  0.0000  0.0000
 -0.132145382658   0.000000000000   0.000000000000
 -0.002441838928   0.000000000000   0.000000000000
  0.002161454643   0.000000000000   0.000000000000
  0.005399613724   0.000000000000   0.000000000000
  0.065446524364   0.000000000000   0.000000000000
  0.011264350622   0.000000000000   0.000000000000
 -0.008994193526   0.000000000000   0.000000000000
 -0.004903131184   0.000000000000   0.000000000000
  0.008022554873   0.003592822089   0.007422867444
  0.008022554873   0.003592822089  -0.007422867444
  0.008022554873  -0.003592822089   0.007422867444
  0.008022554873  -0.003592822089  -0.007422867444
  0.008030595863  -0.003640573240  -0.007033751615
  0.008030595863  -0.003640573240   0.007033751615
  0.008030595863   0.003640573240  -0.007033751615
  0.008030595863   0.003640573240   0.007033751615
  0.008022554873   0.003592822089   0.007422867444
  0.008022554873   0.003592822089  -0.007422867444
  0.008022554873  -0.003592822089   0.007422867444
  0.008022554873  -0.003592822089  -0.007422867444
  0.008030595863  -0.003640573240  -0.007033751615
  0.008030595863  -0.003640573240   0.007033751615
  0.008030595863   0.003640573240  -0.007033751615
  0.008030595863   0.003640573240   0.007033751615
    1    2  0.0000  0.0000  0.0150
 -0.000000000000   0.000000000000  -0.105478270133
 -0.000000000000   0.000000000000  -0.029711882865
  0.000000000000   0.000000000000   0.011894398831
  0.000000000000   0.000000000000   0.021477473308
 -0.000000000000   0.000000000000   0.011894398831
 -0.000000000000   0.000000000000   0.021477473308
  0.000000000000   0.000000000000   0.009767396221
  0.000000000000   0.000000000000  -0.025737665475
  0.008290236140   0.008290236140   0.010493361553
 -0.008337258741  -0.008337258741   0.010610807941
  0.008290236140  -0.008290236140   0.010493361553
 -0.008337258741   0.008337258741   0.010610807941
 -0.008290236140   0.008290236140   0.010493361553
  0.008337258741  -0.008337258741   0.010610807941
 -0.008290236140  -0.008290236140   0.010493361553
  0.008337258741   0.008337258741   0.010610807941
  0.008290236140   0.008290236140   0.010493361553
 -0.008337258741  -0.008337258741   0.010610807941
  0.008290236140  -0.008290236140   0.010493361553
 -0.008337258741   0.008337258741   0.010610807941
 -0.008290236140   0.008290236140   0.010493361553
  0.008337258741  -0.008337258741   0.010610807941
 -0.008290236140  -0.008290236140   0.010493361553
  0.008337258741   0.008337258741   0.010610807941
    9    1  0.0150  0.0000  0.0000
  0.008341791183   0.004018739816   0.008635856308
  0.008341791183   0.004018739816  -0.008635856308
  0.008341791183  -0.004018739816   0.008635856308
  0.008341791183  -0.004018739816  -0.008635856308
  0.008328237654  -0.004013297245  -0.008666861441
  0.008328237654  -0.004013297245   0.008666861441
  0.008328237654   0.004013297245  -0.008666861441
  0.008328237654   0.004013297245   0.008666861441
****************  -0.000000000000   0.000000000000
 -0.002775309724  -0.000000000000   0.000000000000
  0.002220695489  -0.000000000000   0.000000000000
  0.000169235914  -0.000000000000   0.000000000000
  0.027227485044  -0.000000000000   0.000000000000
  0.003248669962  -0.000000000000   0.000000000000
  0.001045298894  -0.000000000000   0.000000000000
  0.000056865780  -0.000000000000   0.000000000000
****************  -0.000000000000   0.000000000000
 -0.002775309724  -0.000000000000   0.000000000000
  0.002220695489  -0.000000000000   0.000000000000
  0.000169235914  -0.000000000000   0.000000000000
  0.027227485044  -0.000000000000   0.000000000000
  0.003248669962  -0.000000000000   0.000000000000
  0.001045298894  -0.000000000000   0.000000000000
  0.000056865780  -0.000000000000   0.000000000000
    9    2  0.0000  0.0000  0.0150
  0.007770222927   0.007770222927   0.011060621500
 -0.007766151714  -0.007766151714   0.011076044722
  0.007770222927  -0.007770222927   0.011060621500
 -0.007766151714   0.007766151714   0.011076044722
 -0.007770222927   0.007770222927   0.011060621500
  0.007766151714  -0.007766151714   0.011076044722
 -0.007770222927  -0.007770222927   0.011060621500
  0.007766151714   0.007766151714   0.011076044722
  0.000000000000   0.000000000000 ****************
  0.000000000000   0.000000000000   0.003763262711
  0.000000000000   0.000000000000   0.009158290437
  0.000000000000   0.000000000000   0.003758854872
  0.000000000000   0.000000000000   0.009158290437
  0.000000000000   0.000000000000   0.003758854872
  0.000000000000   0.000000000000   0.002363159713
  0.000000000000   0.000000000000   0.005319331617
  0.000000000000   0.000000000000 ****************
  0.000000000000   0.000000000000   0.003763262711
  0.000000000000   0.000000000000   0.009158290437
  0.000000000000   0.000000000000   0.003758854872
  0.000000000000   0.000000000000   0.009158290437
  0.000000000000   0.000000000000   0.003758854872
  0.000000000000   0.000000000000   0.002363159713
  0.000000000000   0.000000000000   0.005319331617
   17    1  0.0150  0.0000  0.0000
 -0.000274766279  -0.000328616647  -0.000382321213
 -0.000274766279  -0.000328616647   0.000382321213
 -0.000274766279   0.000328616647  -0.000382321213
 -0.000274766279   0.000328616647   0.000382321213
 -0.000284702533   0.000337136219   0.000391636660
 -0.000284702533   0.000337136219  -0.000391636660
 -0.000284702533  -0.000337136219   0.000391636660
 -0.000284702533  -0.000337136219  -0.000391636660
****************   0.000000000000   0.000000000000
 -0.000070804683   0.000000000000   0.000000000000
  0.000154453560   0.000000000000   0.000000000000
  0.000221713784   0.000000000000   0.000000000000
 -0.001177333938   0.000000000000   0.000000000000
  0.000136913814   0.000000000000   0.000000000000
  0.000183896919   0.000000000000   0.000000000000
 -0.000032842231   0.000000000000   0.000000000000
****************   0.000000000000   0.000000000000
 -0.000070804683   0.000000000000   0.000000000000
  0.000154453560   0.000000000000   0.000000000000
  0.000221713784   0.000000000000   0.000000000000
 -0.001177333938   0.000000000000   0.000000000000
  0.000136913814   0.000000000000   0.000000000000
  0.000183896919   0.000000000000   0.000000000000
 -0.000032842231   0.000000000000   0.000000000000
   17    2  0.0000  0.0000  0.0150
 -0.000561242786  -0.000561242786  -0.000661607279
  0.000561712927   0.000561712927  -0.000660959020
 -0.000561242786   0.000561242786  -0.000661607279
  0.000561712927  -0.000561712927  -0.000660959020
  0.000561242786  -0.000561242786  -0.000661607279
 -0.000561712927   0.000561712927  -0.000660959020
  0.000561242786   0.000561242786  -0.000661607279
 -0.000561712927  -0.000561712927  -0.000660959020
  0.000000000000   0.000000000000 ****************
  0.000000000000  -0.000000000000   0.001224635564
  0.000000000000   0.000000000000  -0.000471048602
  0.000000000000  -0.000000000000   0.000982160561
  0.000000000000  -0.000000000000  -0.000471048602
  0.000000000000  -0.000000000000   0.000982160561
  0.000000000000  -0.000000000000  -0.000634275176
  0.000000000000  -0.000000000000   0.000952339159
  0.000000000000  -0.000000000000 ****************
  0.000000000000  -0.000000000000   0.001224635564
  0.000000000000   0.000000000000  -0.000471048602
  0.000000000000  -0.000000000000   0.000982160561
  0.000000000000  -0.000000000000  -0.000471048602
  0.000000000000  -0.000000000000   0.000982160561
  0.000000000000  -0.000000000000  -0.000634275176
  0.000000000000  -0.000000000000   0.000952339159
