    3   24   12
 47.880 26.981 69.723
    1    1  0.0150  0.0000  0.0000
 -0.132783793073   0.000000000000   0.000000000000
  0.004993620496   0.000000000000   0.000000000000
  0.003496313097   0.000000000000   0.000000000000
  0.002420806865   0.000000000000   0.000000000000
  0.062559721839   0.000000000000   0.000000000000
  0.006726453378   0.000000000000   0.000000000000
 -0.013140817559   0.000000000000   0.000000000000
 -0.000329030459   0.000000000000   0.000000000000
  0.008266198496   0.001504015796   0.006182367400
  0.008266198496   0.001504015796  -0.006182367400
  0.008266198496  -0.001504015796   0.006182367400
  0.008266198496  -0.001504015796  -0.006182367400
  0.008247982859  -0.001486802263  -0.006179886332
  0.008247982859  -0.001486802263   0.006179886332
  0.008247982859   0.001486802263  -0.006179886332
  0.008247982859   0.001486802263   0.006179886332
  0.008266198496   0.001504015796   0.006182367400
  0.008266198496   0.001504015796  -0.006182367400
  0.008266198496  -0.001504015796   0.006182367400
  0.008266198496  -0.001504015796  -0.006182367400
  0.008247982859  -0.001486802263  -0.006179886332
  0.008247982859  -0.001486802263   0.006179886332
  0.008247982859   0.001486802263  -0.006179886332
  0.008247982859   0.001486802263   0.006179886332
    1    2  0.0000  0.0000  0.0150
 -0.000000000000  -0.000000000000  -0.091761685964
 -0.000000000000  -0.000000000000  -0.017113544025
 -0.000000000000  -0.000000000000   0.011165706620
 -0.000000000000  -0.000000000000   0.018853747717
 -0.000000000000  -0.000000000000   0.011165706620
 -0.000000000000  -0.000000000000   0.018853747717
 -0.000000000000  -0.000000000000  -0.000310272597
 -0.000000000000  -0.000000000000  -0.005500284846
  0.004265223712   0.004265223712   0.006832986578
 -0.004268225620  -0.004268225620   0.006828733112
  0.004265223712  -0.004265223712   0.006832986578
 -0.004268225620   0.004268225620   0.006828733112
 -0.004265223712   0.004265223712   0.006832986578
  0.004268225620  -0.004268225620   0.006828733112
 -0.004265223712  -0.004265223712   0.006832986578
  0.004268225620   0.004268225620   0.006828733112
  0.004265223712   0.004265223712   0.006832986578
 -0.004268225620  -0.004268225620   0.006828733112
  0.004265223712  -0.004265223712   0.006832986578
 -0.004268225620   0.004268225620   0.006828733112
 -0.004265223712   0.004265223712   0.006832986578
  0.004268225620  -0.004268225620   0.006828733112
 -0.004265223712  -0.004265223712   0.006832986578
  0.004268225620   0.004268225620   0.006828733112
    9    1  0.0150  0.0000  0.0000
  0.009319844066   0.003146708299   0.005604832212
  0.009319844066   0.003146708299  -0.005604832212
  0.009319844066  -0.003146708299   0.005604832212
  0.009319844066  -0.003146708299  -0.005604832212
  0.009193915401  -0.003240088370  -0.007586377143
  0.009193915401  -0.003240088370   0.007586377143
  0.009193915401   0.003240088370  -0.007586377143
  0.009193915401   0.003240088370   0.007586377143
****************   0.000000000000   0.000000000000
 -0.001989813620   0.000000000000   0.000000000000
  0.002434266674   0.000000000000   0.000000000000
 -0.004792105553   0.000000000000   0.000000000000
  0.026640695477   0.000000000000   0.000000000000
  0.003032667838   0.000000000000   0.000000000000
 -0.002244631059   0.000000000000   0.000000000000
  0.003275692027   0.000000000000   0.000000000000
****************   0.000000000000   0.000000000000
 -0.001989813620   0.000000000000   0.000000000000
  0.002434266674   0.000000000000   0.000000000000
 -0.004792105553   0.000000000000   0.000000000000
  0.026640695477   0.000000000000   0.000000000000
  0.003032667838   0.000000000000   0.000000000000
 -0.002244631059   0.000000000000   0.000000000000
  0.003275692027   0.000000000000   0.000000000000
    9    2  0.0000  0.0000  0.0150
  0.007947241844   0.007947241844   0.009434197043
 -0.008431042638  -0.008431042638   0.009835412761
  0.007947241844  -0.007947241844   0.009434197043
 -0.008431042638   0.008431042638   0.009835412761
 -0.007947241844   0.007947241844   0.009434197043
  0.008431042638  -0.008431042638   0.009835412761
 -0.007947241844  -0.007947241844   0.009434197043
  0.008431042638   0.008431042638   0.009835412761
 -0.000000000000  -0.000000000000 ****************
 -0.000000000000  -0.000000000000   0.003382883406
 -0.000000000000  -0.000000000000   0.009783951040
 -0.000000000000  -0.000000000000   0.006209404382
 -0.000000000000  -0.000000000000   0.009783951040
 -0.000000000000  -0.000000000000   0.006209404382
 -0.000000000000  -0.000000000000   0.001467058079
 -0.000000000000  -0.000000000000   0.010232284677
 -0.000000000000  -0.000000000000 ****************
 -0.000000000000  -0.000000000000   0.003382883406
 -0.000000000000  -0.000000000000   0.009783951040
 -0.000000000000  -0.000000000000   0.006209404382
 -0.000000000000  -0.000000000000   0.009783951040
 -0.000000000000  -0.000000000000   0.006209404382
 -0.000000000000  -0.000000000000   0.001467058079
 -0.000000000000  -0.000000000000   0.010232284677
   17    1  0.0150  0.0000  0.0000
 -0.001263988408  -0.001775309221  -0.003289368583
 -0.001263988408  -0.001775309221   0.003289368583
 -0.001263988408   0.001775309221  -0.003289368583
 -0.001263988408   0.001775309221   0.003289368583
 -0.000785630647   0.001593772458   0.001367366962
 -0.000785630647   0.001593772458  -0.001367366962
 -0.000785630647  -0.001593772458   0.001367366962
 -0.000785630647  -0.001593772458  -0.001367366962
****************   0.000000000000   0.000000000000
 -0.000195657629   0.000000000000   0.000000000000
  0.000899986856   0.000000000000   0.000000000000
 -0.000087040532   0.000000000000   0.000000000000
 -0.006662226057   0.000000000000   0.000000000000
  0.000263738876   0.000000000000   0.000000000000
  0.000305856600   0.000000000000   0.000000000000
  0.000300339773   0.000000000000   0.000000000000
****************   0.000000000000   0.000000000000
 -0.000195657629   0.000000000000   0.000000000000
  0.000899986856   0.000000000000   0.000000000000
 -0.000087040532   0.000000000000   0.000000000000
 -0.006662226057   0.000000000000   0.000000000000
  0.000263738876   0.000000000000   0.000000000000
  0.000305856600   0.000000000000   0.000000000000
  0.000300339773   0.000000000000   0.000000000000
   17    2  0.0000  0.0000  0.0150
 -0.002259245053  -0.002259245053  -0.003637385536
  0.001735206126   0.001735206126  -0.002074116497
 -0.002259245053   0.002259245053  -0.003637385536
  0.001735206126  -0.001735206126  -0.002074116497
  0.002259245053  -0.002259245053  -0.003637385536
 -0.001735206126   0.001735206126  -0.002074116497
  0.002259245053   0.002259245053  -0.003637385536
 -0.001735206126  -0.001735206126  -0.002074116497
 -0.000000000000  -0.000000000000 ****************
 -0.000000000000  -0.000000000000   0.001224321301
 -0.000000000000  -0.000000000000   0.000894971592
 -0.000000000000  -0.000000000000   0.000694573298
 -0.000000000000  -0.000000000000   0.000894971592
 -0.000000000000  -0.000000000000   0.000694573298
 -0.000000000000  -0.000000000000   0.000217111164
 -0.000000000000  -0.000000000000   0.001354003796
 -0.000000000000  -0.000000000000 ****************
 -0.000000000000  -0.000000000000   0.001224321301
 -0.000000000000  -0.000000000000   0.000894971592
 -0.000000000000  -0.000000000000   0.000694573298
 -0.000000000000  -0.000000000000   0.000894971592
 -0.000000000000  -0.000000000000   0.000694573298
 -0.000000000000  -0.000000000000   0.000217111164
 -0.000000000000  -0.000000000000   0.001354003796
