    3   24   12
 47.880 26.981 69.723
    1    1  0.0150  0.0000  0.0000
 -0.132846419641   0.000000000000   0.000000000000
  0.002110255031   0.000000000000   0.000000000000
  0.000435024063   0.000000000000   0.000000000000
  0.002394470184   0.000000000000   0.000000000000
  0.064139985889   0.000000000000   0.000000000000
  0.009195969063   0.000000000000   0.000000000000
 -0.011048434768   0.000000000000   0.000000000000
 -0.001330131569   0.000000000000   0.000000000000
  0.008566901824   0.001559611260   0.006515801778
  0.008566901824   0.001559611260  -0.006515801778
  0.008566901824  -0.001559611260   0.006515801778
  0.008566901824  -0.001559611260  -0.006515801778
  0.008170418613  -0.001670671851  -0.006453550016
  0.008170418613  -0.001670671851   0.006453550016
  0.008170418613   0.001670671851  -0.006453550016
  0.008170418613   0.001670671851   0.006453550016
  0.008566901824   0.001559611260   0.006515801778
  0.008566901824   0.001559611260  -0.006515801778
  0.008566901824  -0.001559611260   0.006515801778
  0.008566901824  -0.001559611260  -0.006515801778
  0.008170418613  -0.001670671851  -0.006453550016
  0.008170418613  -0.001670671851   0.006453550016
  0.008170418613   0.001670671851  -0.006453550016
  0.008170418613   0.001670671851   0.006453550016
    1    2  0.0000  0.0000  0.0150
 -0.000000000000   0.000000000000  -0.096988362876
 -0.000000000000   0.000000000000  -0.018177175761
 -0.000000000000   0.000000000000   0.008322590721
 -0.000000000000   0.000000000000   0.024278259915
 -0.000000000000   0.000000000000   0.008322590721
 -0.000000000000   0.000000000000   0.024278259915
 -0.000000000000   0.000000000000  -0.001594146370
 -0.000000000000   0.000000000000  -0.010225079630
  0.005416197776   0.005416197776   0.007735368149
 -0.005307686654  -0.005307686654   0.007710397692
  0.005416197776  -0.005416197776   0.007735368149
 -0.005307686654   0.005307686654   0.007710397692
 -0.005416197776   0.005416197776   0.007735368149
  0.005307686654  -0.005307686654   0.007710397692
 -0.005416197776  -0.005416197776   0.007735368149
  0.005307686654   0.005307686654   0.007710397692
  0.005416197776   0.005416197776   0.007735368149
 -0.005307686654  -0.005307686654   0.007710397692
  0.005416197776  -0.005416197776   0.007735368149
 -0.005307686654   0.005307686654   0.007710397692
 -0.005416197776   0.005416197776   0.007735368149
  0.005307686654  -0.005307686654   0.007710397692
 -0.005416197776  -0.005416197776   0.007735368149
  0.005307686654   0.005307686654   0.007710397692
    9    1  0.0150  0.0000  0.0000
  0.009269579472   0.002794122951   0.006487865661
  0.009269579472   0.002794122951  -0.006487865661
  0.009269579472  -0.002794122951   0.006487865661
  0.009269579472  -0.002794122951  -0.006487865661
  0.009388039066  -0.002946044455  -0.007238597595
  0.009388039066  -0.002946044455   0.007238597595
  0.009388039066   0.002946044455  -0.007238597595
  0.009388039066   0.002946044455   0.007238597595
****************  -0.000000000000  -0.000000000000
 -0.002655983859  -0.000000000000  -0.000000000000
  0.002853392823  -0.000000000000  -0.000000000000
 -0.003596807146  -0.000000000000  -0.000000000000
  0.026256248996  -0.000000000000  -0.000000000000
  0.003464549425  -0.000000000000  -0.000000000000
 -0.001417576033  -0.000000000000  -0.000000000000
  0.002378666588  -0.000000000000  -0.000000000000
****************  -0.000000000000  -0.000000000000
 -0.002655983859  -0.000000000000  -0.000000000000
  0.002853392823  -0.000000000000  -0.000000000000
 -0.003596807146  -0.000000000000  -0.000000000000
  0.026256248996  -0.000000000000  -0.000000000000
  0.003464549425  -0.000000000000  -0.000000000000
 -0.001417576033  -0.000000000000  -0.000000000000
  0.002378666588  -0.000000000000  -0.000000000000
    9    2  0.0000  0.0000  0.0150
  0.008270927345   0.008270927345   0.010187624479
 -0.007985151368  -0.007985151368   0.009486585262
  0.008270927345  -0.008270927345   0.010187624479
 -0.007985151368   0.007985151368   0.009486585262
 -0.008270927345   0.008270927345   0.010187624479
  0.007985151368  -0.007985151368   0.009486585262
 -0.008270927345  -0.008270927345   0.010187624479
  0.007985151368   0.007985151368   0.009486585262
  0.000000000000   0.000000000000 ****************
  0.000000000000   0.000000000000   0.003947756543
  0.000000000000   0.000000000000   0.010164416241
  0.000000000000   0.000000000000   0.005939320747
  0.000000000000   0.000000000000   0.010164416241
  0.000000000000   0.000000000000   0.005939320747
  0.000000000000   0.000000000000   0.001649383955
  0.000000000000   0.000000000000   0.009452200007
  0.000000000000   0.000000000000 ****************
  0.000000000000   0.000000000000   0.003947756543
  0.000000000000   0.000000000000   0.010164416241
  0.000000000000   0.000000000000   0.005939320747
  0.000000000000   0.000000000000   0.010164416241
  0.000000000000   0.000000000000   0.005939320747
  0.000000000000   0.000000000000   0.001649383955
  0.000000000000   0.000000000000   0.009452200007
   17    1  0.0150  0.0000  0.0000
 -0.000860992834  -0.001157825368  -0.001817955737
 -0.000860992834  -0.001157825368   0.001817955737
 -0.000860992834   0.001157825368  -0.001817955737
 -0.000860992834   0.001157825368   0.001817955737
 -0.001115938977   0.001323874186   0.001160517617
 -0.001115938977   0.001323874186  -0.001160517617
 -0.001115938977  -0.001323874186   0.001160517617
 -0.001115938977  -0.001323874186  -0.001160517617
****************  -0.000000000000  -0.000000000000
 -0.000177113288  -0.000000000000  -0.000000000000
  0.000525466160  -0.000000000000  -0.000000000000
  0.000506101938  -0.000000000000  -0.000000000000
 -0.005722882523  -0.000000000000  -0.000000000000
  0.000191512293  -0.000000000000  -0.000000000000
  0.000578368302  -0.000000000000  -0.000000000000
 -0.000129942688  -0.000000000000  -0.000000000000
****************  -0.000000000000  -0.000000000000
 -0.000177113288  -0.000000000000  -0.000000000000
  0.000525466160  -0.000000000000  -0.000000000000
  0.000506101938  -0.000000000000  -0.000000000000
 -0.005722882523  -0.000000000000  -0.000000000000
  0.000191512293  -0.000000000000  -0.000000000000
  0.000578368302  -0.000000000000  -0.000000000000
 -0.000129942688  -0.000000000000  -0.000000000000
   17    2  0.0000  0.0000  0.0150
 -0.001591214511  -0.001591214511  -0.002194656730
  0.001614424345   0.001614424345  -0.002078671631
 -0.001591214511   0.001591214511  -0.002194656730
  0.001614424345  -0.001614424345  -0.002078671631
  0.001591214511  -0.001591214511  -0.002194656730
 -0.001614424345   0.001614424345  -0.002078671631
  0.001591214511   0.001591214511  -0.002194656730
 -0.001614424345  -0.001614424345  -0.002078671631
 -0.000000000000   0.000000000000 ****************
 -0.000000000000   0.000000000000   0.001070414251
 -0.000000000000   0.000000000000   0.000408720496
 -0.000000000000   0.000000000000   0.000451801589
 -0.000000000000   0.000000000000   0.000408720496
 -0.000000000000   0.000000000000   0.000451801589
 -0.000000000000   0.000000000000   0.000211899920
 -0.000000000000   0.000000000000   0.000791064667
 -0.000000000000   0.000000000000 ****************
 -0.000000000000   0.000000000000   0.001070414251
 -0.000000000000   0.000000000000   0.000408720496
 -0.000000000000   0.000000000000   0.000451801589
 -0.000000000000   0.000000000000   0.000408720496
 -0.000000000000   0.000000000000   0.000451801589
 -0.000000000000   0.000000000000   0.000211899920
 -0.000000000000   0.000000000000   0.000791064667
