    3   24   12
 47.880 26.981 69.723
    1    1  0.0150  0.0000  0.0000
 -0.134281375852  -0.000000000000   0.000000000000
  0.003619268961  -0.000000000000   0.000000000000
  0.001889665513  -0.000000000000   0.000000000000
  0.002027760352  -0.000000000000   0.000000000000
  0.064008119259  -0.000000000000   0.000000000000
  0.008082523933  -0.000000000000   0.000000000000
 -0.012006082218  -0.000000000000   0.000000000000
 -0.000530408608  -0.000000000000   0.000000000000
  0.008382990708   0.001581712473   0.006460069584
  0.008382990708   0.001581712473  -0.006460069584
  0.008382990708  -0.001581712473   0.006460069584
  0.008382990708  -0.001581712473  -0.006460069584
  0.008414641457  -0.001628049303  -0.006470357875
  0.008414641457  -0.001628049303   0.006470357875
  0.008414641457   0.001628049303  -0.006470357875
  0.008414641457   0.001628049303   0.006470357875
  0.008382990708   0.001581712473   0.006460069584
  0.008382990708   0.001581712473  -0.006460069584
  0.008382990708  -0.001581712473   0.006460069584
  0.008382990708  -0.001581712473  -0.006460069584
  0.008414641457  -0.001628049303  -0.006470357875
  0.008414641457  -0.001628049303   0.006470357875
  0.008414641457   0.001628049303  -0.006470357875
  0.008414641457   0.001628049303   0.006470357875
    1    2  0.0000  0.0000  0.0150
 -0.000000000000   0.000000000000  -0.093548262189
 -0.000000000000   0.000000000000  -0.018833749686
 -0.000000000000   0.000000000000   0.011655849646
 -0.000000000000   0.000000000000   0.019923518764
 -0.000000000000   0.000000000000   0.011655849646
 -0.000000000000   0.000000000000   0.019923518764
  0.000000000000   0.000000000000   0.000495890229
 -0.000000000000   0.000000000000  -0.009658372047
  0.004752870611   0.004752870611   0.007311256933
 -0.004895367387  -0.004895367387   0.007285182286
  0.004752870611  -0.004752870611   0.007311256933
 -0.004895367387   0.004895367387   0.007285182286
 -0.004752870611   0.004752870611   0.007311256933
  0.004895367387  -0.004895367387   0.007285182286
 -0.004752870611  -0.004752870611   0.007311256933
  0.004895367387   0.004895367387   0.007285182286
  0.004752870611   0.004752870611   0.007311256933
 -0.004895367387  -0.004895367387   0.007285182286
  0.004752870611  -0.004752870611   0.007311256933
 -0.004895367387   0.004895367387   0.007285182286
 -0.004752870611   0.004752870611   0.007311256933
  0.004895367387  -0.004895367387   0.007285182286
 -0.004752870611  -0.004752870611   0.007311256933
  0.004895367387   0.004895367387   0.007285182286
    9    1  0.0150  0.0000  0.0000
  0.009853894053   0.003720042347   0.006759727981
  0.009853894053   0.003720042347  -0.006759727981
  0.009853894053  -0.003720042347   0.006759727981
  0.009853894053  -0.003720042347  -0.006759727981
  0.008936418186  -0.002463522221  -0.006749981905
  0.008936418186  -0.002463522221   0.006749981905
  0.008936418186   0.002463522221  -0.006749981905
  0.008936418186   0.002463522221   0.006749981905
****************  -0.000000000000   0.000000000000
 -0.002357304792  -0.000000000000   0.000000000000
  0.002724450886  -0.000000000000   0.000000000000
 -0.004405329851  -0.000000000000   0.000000000000
  0.026885037005  -0.000000000000   0.000000000000
  0.003264648704  -0.000000000000   0.000000000000
 -0.001898792237  -0.000000000000   0.000000000000
  0.003000514318  -0.000000000000   0.000000000000
****************  -0.000000000000   0.000000000000
 -0.002357304792  -0.000000000000   0.000000000000
  0.002724450886  -0.000000000000   0.000000000000
 -0.004405329851  -0.000000000000   0.000000000000
  0.026885037005  -0.000000000000   0.000000000000
  0.003264648704  -0.000000000000   0.000000000000
 -0.001898792237  -0.000000000000   0.000000000000
  0.003000514318  -0.000000000000   0.000000000000
    9    2  0.0000  0.0000  0.0150
  0.008055063854   0.008055063854   0.009415467176
 -0.008527803514  -0.008527803514   0.010158842592
  0.008055063854  -0.008055063854   0.009415467176
 -0.008527803514   0.008527803514   0.010158842592
 -0.008055063854   0.008055063854   0.009415467176
  0.008527803514  -0.008527803514   0.010158842592
 -0.008055063854  -0.008055063854   0.009415467176
  0.008527803514   0.008527803514   0.010158842592
  0.000000000000   0.000000000000 ****************
  0.000000000000   0.000000000000   0.003685991272
  0.000000000000   0.000000000000   0.010037538780
  0.000000000000   0.000000000000   0.006246248444
  0.000000000000   0.000000000000   0.010037538780
  0.000000000000   0.000000000000   0.006246248444
  0.000000000000   0.000000000000   0.001571507860
  0.000000000000   0.000000000000   0.010039253195
  0.000000000000   0.000000000000 ****************
  0.000000000000   0.000000000000   0.003685991272
  0.000000000000   0.000000000000   0.010037538780
  0.000000000000   0.000000000000   0.006246248444
  0.000000000000   0.000000000000   0.010037538780
  0.000000000000   0.000000000000   0.006246248444
  0.000000000000   0.000000000000   0.001571507860
  0.000000000000   0.000000000000   0.010039253195
   17    1  0.0150  0.0000  0.0000
 -0.000674965076  -0.001369377613  -0.002550447706
 -0.000674965076  -0.001369377613   0.002550447706
 -0.000674965076   0.001369377613  -0.002550447706
 -0.000674965076   0.001369377613   0.002550447706
 -0.001371811764   0.001600885069   0.001307597933
 -0.001371811764   0.001600885069  -0.001307597933
 -0.001371811764  -0.001600885069   0.001307597933
 -0.001371811764  -0.001600885069  -0.001307597933
****************  -0.000000000000   0.000000000000
 -0.000168646440  -0.000000000000   0.000000000000
  0.000732167044  -0.000000000000   0.000000000000
  0.000222262217  -0.000000000000   0.000000000000
 -0.006243106301  -0.000000000000   0.000000000000
  0.000220890165  -0.000000000000   0.000000000000
  0.000452094010  -0.000000000000   0.000000000000
  0.000090482577  -0.000000000000   0.000000000000
****************  -0.000000000000   0.000000000000
 -0.000168646440  -0.000000000000   0.000000000000
  0.000732167044  -0.000000000000   0.000000000000
  0.000222262217  -0.000000000000   0.000000000000
 -0.006243106301  -0.000000000000   0.000000000000
  0.000220890165  -0.000000000000   0.000000000000
  0.000452094010  -0.000000000000   0.000000000000
  0.000090482577  -0.000000000000   0.000000000000
   17    2  0.0000  0.0000  0.0150
 -0.001840092438  -0.001840092438  -0.002681286108
  0.001777569579   0.001777569579  -0.002391041116
 -0.001840092438   0.001840092438  -0.002681286108
  0.001777569579  -0.001777569579  -0.002391041116
  0.001840092438  -0.001840092438  -0.002681286108
 -0.001777569579   0.001777569579  -0.002391041116
  0.001840092438   0.001840092438  -0.002681286108
 -0.001777569579  -0.001777569579  -0.002391041116
  0.000000000000  -0.000000000000 ****************
  0.000000000000   0.000000000000   0.001236473314
  0.000000000000   0.000000000000   0.000643276642
  0.000000000000   0.000000000000   0.000621484317
  0.000000000000   0.000000000000   0.000643276642
  0.000000000000   0.000000000000   0.000621484317
  0.000000000000  -0.000000000000   0.000239389783
  0.000000000000   0.000000000000   0.001098289153
  0.000000000000  -0.000000000000 ****************
  0.000000000000   0.000000000000   0.001236473314
  0.000000000000   0.000000000000   0.000643276642
  0.000000000000   0.000000000000   0.000621484317
  0.000000000000   0.000000000000   0.000643276642
  0.000000000000   0.000000000000   0.000621484317
  0.000000000000  -0.000000000000   0.000239389783
  0.000000000000   0.000000000000   0.001098289153
