
#      T [K]      F [kJ/mol]    S [J/K/mol]  C_v [J/K/mol]     E [kJ/mol]
       0.000      63.6038786      0.0000000      0.0000000     63.6038786
      10.000      63.6036483      0.0940445      0.2913980     63.6045887
      20.000      63.5996660      0.9229420      3.2489133     63.6181248
      30.000      63.5782481      3.8103542     12.9150523     63.6925587
      40.000      63.5133815      9.6955743     29.9682123     63.9012045
      50.000      63.3736505     18.7730501     53.1056571     64.3123030
      60.000      63.1280359     30.8075949     80.1881966     64.9764916
      70.000      62.7492441     45.3153406    108.8621561     65.9213180
      80.000      62.2154295     61.7137286    137.1975041     67.1525278
      90.000      61.5105638     79.4366120    163.9304430     68.6598589
     100.000      60.6239197     97.9961395    188.3965761     70.4235336
     110.000      59.5491629    117.0022609    210.3575628     72.4194116
     120.000      58.2833831    136.1584319    229.8360604     74.6223949
     130.000      56.8262251    155.2474482    246.9946745     77.0083934
     140.000      55.1791771    174.1151876    262.0582308     79.5553033
     150.000      53.3450159    192.6557644    275.2682345     82.2433805
     160.000      51.3273883    210.7992658    286.8583948     85.0552708
     170.000      49.1305014    228.5021430    297.0429268     87.9758657
     180.000      46.7588973    245.7399100    306.0121601     90.9920811
     190.000      44.2172908    262.5016996    313.9320883     94.0926137
     200.000      41.5104548    278.7862492    320.9458756     97.2677046
     210.000      38.6431391    294.5989647    327.1762011    100.5089217
     220.000      35.6200155    309.9497844    332.7278341    103.8089681
     230.000      32.4456402    324.8516312    337.6901298    107.1615154
     240.000      29.1244302    339.3192968    342.1393025    110.5610615
     250.000      25.6606487    353.3686410    346.1404268    114.0028090
     260.000      22.0583973    367.0160216    349.7491608    117.4825629
     270.000      18.3216133    380.2778915    353.0132126    120.9966440
     280.000      14.4540702    393.1705188    355.9735773    124.5418155
     290.000      10.4593807    405.7097959    358.6655761    128.1152215
     300.000       6.3410008    417.9111129    361.1197273    131.7143347
     310.000       2.1022356    429.7892781    363.3624749    135.3369118
     320.000      -2.2537549    441.3584729    365.4167990    138.9809564
     330.000      -6.7239492    452.6322300    367.3027270    142.6446867
     340.000     -11.3054577    463.6234293    369.0377634    146.3265082
     350.000     -15.9955168    474.3443061    370.6372502    150.0249904
     360.000     -20.7914815    484.8064668    372.1146714    153.7388465
     370.000     -25.6908204    495.0209111    373.4819101    157.4669167
     380.000     -30.6911088    504.9980563    374.7494657    161.2081526
     390.000     -35.7900235    514.7477649    375.9266391    164.9616048
     400.000     -40.9853372    524.2793722    377.0216898    168.7264117
     410.000     -46.2749135    533.6017144    378.0419703    172.5017895
     420.000     -51.6567019    542.7231564    378.9940407    176.2870238
     430.000     -57.1287334    551.6516184    379.8837675    180.0814625
     440.000     -62.6891160    560.3946022    380.7164088    183.8845090
     450.000     -68.3360309    568.9592158    381.4966867    187.6956162
     460.000     -74.0677283    577.3521970    382.2288510    191.5142824
     470.000     -79.8825240    585.5799356    382.9167342    195.3400457
     480.000     -85.7787964    593.6484946    383.5637989    199.1724810
     490.000     -91.7549826    601.5636299    384.1731794    203.0111961
     500.000     -97.8095758    609.3308087    384.7477177    206.8558285
     510.000    -103.9411229    616.9552271    385.2899958    210.7060429
     520.000    -110.1482210    624.4418264    385.8023630    214.5615287
     530.000    -116.4295157    631.7953082    386.2869604    218.4219976
     540.000    -122.7836984    639.0201487    386.7457426    222.2871819
     550.000    -129.2095041    646.1206119    387.1804968    226.1568324
     560.000    -135.7057096    653.1007622    387.5928592    230.0307172
     570.000    -142.2711313    659.9644759    387.9843303    233.9086200
     580.000    -148.9046234    666.7154520    388.3562877    237.7903388
     590.000    -155.6050763    673.3572224    388.7099983    241.6756849
     600.000    -162.3714150    679.8931615    389.0466284    245.5644818
     610.000    -169.2025975    686.3264945    389.3672534    249.4565641
     620.000    -176.0976132    692.6603066    389.6728658    253.3517769
     630.000    -183.0554818    698.8975496    389.9643827    257.2499745
     640.000    -190.0752517    705.0410502    390.2426528    261.1510204
     650.000    -197.1559993    711.0935159    390.5084622    265.0547860
     660.000    -204.2968273    717.0575421    390.7625399    268.9611505
     670.000    -211.4968637    722.9356174    391.0055627    272.8700000
     680.000    -218.7552611    728.7301296    391.2381593    276.7812270
     690.000    -226.0711954    734.4433706    391.4609148    280.6947304
     700.000    -233.4438649    740.0775418    391.6743740    284.6104143
     710.000    -240.8724897    745.6347581    391.8790446    288.5281885
     720.000    -248.3563104    751.1170526    392.0754003    292.4479675
     730.000    -255.8945876    756.5263806    392.2638836    296.3696703
     740.000    -263.4866011    761.8646235    392.4449079    300.2932203
     750.000    -271.1316491    767.1335920    392.6188599    304.2185449
     760.000    -278.8290478    772.3350302    392.7861020    308.1455752
     770.000    -286.5781302    777.4706181    392.9469733    312.0742457
     780.000    -294.3782461    782.5419750    393.1017921    316.0044944
     790.000    -302.2287608    787.5506623    393.2508572    319.9362624
     800.000    -310.1290554    792.4981860    393.3944492    323.8694933
     810.000    -318.0785255    797.3859994    393.5328317    327.8041340
     820.000    -326.0765811    802.2155055    393.6662528    331.7401334
     830.000    -334.1226458    806.9880591    393.7949462    335.6774433
     840.000    -342.2161568    811.7049692    393.9191319    339.6160173
     850.000    -350.3565639    816.3675006    394.0390171    343.5558116
     860.000    -358.5433296    820.9768763    394.1547977    347.4967840
     870.000    -366.7759282    825.5342790    394.2666583    351.4388945
     880.000    -375.0538458    830.0408528    394.3747733    355.3821047
     890.000    -383.3765795    834.4977051    394.4793076    359.3263780
     900.000    -391.7436377    838.9059079    394.5804171    363.2716794
     910.000    -400.1545390    843.2664994    394.6782495    367.2179754
     920.000    -408.6088123    847.5804851    394.7729444    371.1652340
     930.000    -417.1059966    851.8488397    394.8646342    375.1134243
     940.000    -425.6456402    856.0725077    394.9534444    379.0625170
     950.000    -434.2273009    860.2524051    395.0394940    383.0124840
     960.000    -442.8505454    864.3894203    395.1228959    386.9632981
     970.000    -451.5149492    868.4844151    395.2037574    390.9149334
     980.000    -460.2200964    872.5382260    395.2821805    394.8673651
     990.000    -468.9655791    876.5516650    395.3582618    398.8205692
    1000.000    -477.7509977    880.5255206    395.4320936    402.7745229

Summary of calculation was written in "phonopy.yaml".
                 _
   ___ _ __   __| |
  / _ \ '_ \ / _` |
 |  __/ | | | (_| |
  \___|_| |_|\__,_|

